id,number,joint_subproject_number,title,type,subproject_type_designation,sector,works_type,component,projects,financiers,status,current_status_of_the_site,progress_percent,progress_value,estimated_cost,contract_amount_work_companies,total_contract_amount_paid,amount_of_the_care_and_maintenance_fund_expected,care_and_maintenance_amount_on_village_account,date_signature_contract_work_companies,date_signature_contract_efme,contract_companies_amount_for_efme,date_signature_contract_controllers_in_SES,date_of_signature_of_contract_for_construction_supervisors,approval_date_cora,launch_date,expected_duration,expected_end_date,work_completion_date,date_of_technical_acceptance_of_work,date_of_provisional_acceptance_of_work,official_handover_date_to_community,existence_of_maintenance_plan,wave,number_of_classrooms,number_of_infrastructures,population,direct_beneficiaries_men,direct_beneficiaries_women,women_s_group,youth_group,breeders_farmers_group,ethnic_minority_group,date_of_organization_of_the_social_audit,number_of_participants_m_in_social_audit,number_of_participants_w_in_social_audit,number_of_participants_t_in_social_audit,beneficiary_villages_count,beneficiary_villages,list_of_villages_crossed_by_track_or_electrification,infrastructure_changed,infrastructure_deleted,level_of_achievement_donation_certificate,comments,location_name,latitude,longitude,hierarchy,geometry,link_to_subproject,depth_of_drilling,drilling_flow_rate,number_of_latrine_blocks,has_latrine_blocs,storage_capacity,official_handover_date_to_sector,length_of_the_track,extension_length,number_of_drinking_fountains,estimated_number_of_beneficiaries,refugee_and_internally_displaced_persons_group,has_fence,number_of_sections_of_track_developed,amount_of_the_controllers_contract_in_SES,amount_of_the_contract_for_construction_supervisors,date_signature_contract_facilitator,amount_of_the_facilitator_contract,amount_spent_on_completing_the_infrastructure,amount_spent_on_infrastructure_up_to_provisional_acceptance,number_of_streetlights,distance_covered_by_streetlights,canton,market_name
584,2,1,Construction d'un centre communautaire à Alégba  + forage photovoltaïque à ALEGBA,Forage Photovoltaïque (Centre communautaire),Infrastructure,Eau–Hydraulique,Construction,COMPOSANTE 1.1,COSO,Banque Mondiale,Remise de l'ouvrage à la communauté 100.0%,Réception définitive,100.0,100.0,20000000.0,13318882.0,13318882.0,250000.0,300000.0,2023-12-27,2023-12-27,13318882.0,2023-12-27,2023-12-27,2023-05-02,2024-01-04,3.0,2024-04-04,2024-02-23,2024-03-07,2024-03-07,2025-05-09,True,3,0.0,1,795.0,439.0,418.0,True,True,True,True,2024-10-29,44.0,47.0,91.0,1,1924,[],True,False,Juge,,ALEGBA,8.824055,1.606965,ALEGBA > BALANKA > TCHAMBA 3 > TCHAMBA > CENTRALE,POINT(1.606965 8.824055),583.0,53.0,3.6,,,,,,,,,,,,,,,,,,,,,
585,3,2,Réalisation d'un forage photovoltaïque pour eau de boisson ,Forages photovoltaïques dans les communautés pour eau de boisson,Subproject,Eau–Hydraulique,Construction,COMPOSANTE 1.1,COSO,Banque Mondiale,Remise de l'ouvrage à la communauté 100.0%,Réception définitive,100.0,100.0,20000000.0,14147099.0,14147099.0,,250000.0,2023-07-31,,,2023-08-02,,2023-05-02,2023-08-06,3.0,2023-11-05,2023-12-31,2024-01-26,2024-01-26,2025-04-30,True,3,0.0,1,447.0,200.0,224.0,True,True,True,True,2024-11-06,38.0,37.0,75.0,1,4028,[],True,False,Juge,,ATONTOMI,8.888017,1.577222,ATONTOMI > BALANKA > TCHAMBA 3 > TCHAMBA > CENTRALE,POINT(1.577222 8.888017),,110.0,4.0,,,,,,,,,,,,,,,,,,,,,
587,5,4,Réalisation d'un forage photovoltaïque pour eau de boisson ,Forages photovoltaïques dans les communautés pour eau de boisson,Subproject,Eau–Hydraulique,Construction,COMPOSANTE 1.1,COSO,Banque Mondiale,Réception provisoire 100.0%,Réception provisoire,100.0,100.0,20000000.0,14147099.0,14147099.0,,250000.0,2023-07-31,,,2023-08-02,2023-08-02,2023-05-02,2023-08-06,3.0,2023-11-05,2024-06-01,2024-06-13,2024-06-13,,False,3,0.0,1,400.0,196.0,204.0,True,True,True,True,2024-11-07,42.0,41.0,83.0,1,1926,[],True,False,Maire,,BELAGNI,8.918368,1.614907,BELAGNI > BALANKA > TCHAMBA 3 > TCHAMBA > CENTRALE,POINT(1.614907 8.918368),,92.0,4.0,,,,,,,,,,,,,,,,,,,,,
590,8,6,"Construction d'un bâtiment scolaire de 4 classes, bureau, magasin + forage au CEG Agbansikiti + équipements",Forages photovoltaïques dans les établissements scolaires,Infrastructure,Eau–Hydraulique,Construction,COMPOSANTE 1.1,COSO,Banque Mondiale,Remise de l'ouvrage à la communauté 100.0%,Réception définitive,100.0,100.0,20000000.0,14147099.0,18179041.0,,250000.0,2023-07-31,,4031942.0,,,2023-05-02,2023-08-06,3.0,2023-11-05,2023-12-31,2025-04-30,2024-01-26,2025-04-30,False,3,0.0,1,1300.0,637.0,663.0,,,,,2025-11-26,36.0,15.0,51.0,1,1929,[],,False,Juge,,AGBANSIKITI,8.691495,1.619747,AGBANSIKITI > KABOLI > TCHAMBA 3 > TCHAMBA > CENTRALE,POINT(1.619747 8.691495),589.0,,,,,,,,,,,,,,,,,,,,,,,
591,9,7,Réalisation d'un forage photovoltaïque pour eau de boisson ,Forages photovoltaïques dans les communautés pour eau de boisson,Subproject,Eau–Hydraulique,Construction,COMPOSANTE 1.1,COSO,Banque Mondiale,Réception technique 100.0%,Réception provisoire,100.0,100.0,20000000.0,14802637.0,14802637.0,,250000.0,2023-07-31,,,,,2023-05-02,2023-08-05,3.0,2023-11-04,2023-12-01,2025-04-28,2023-12-01,,True,3,0.0,1,1394.0,683.0,711.0,True,True,True,True,2024-01-17,27.0,25.0,52.0,1,1930,[],True,False,Juge,,ATAFA 2,8.694493,1.563569,ATAFA 2 > KABOLI > TCHAMBA 3 > TCHAMBA > CENTRALE,POINT(1.563569 8.694493),,,,,,,,,,,,,,,,,,,,,,,,
593,11,8,"Construction d'un bâtiment scolaire de trois (03) classes, bureau, magasin + forage à l'EPP Boléa + équipements",Forages photovoltaïques dans les établissements scolaires,Infrastructure,Eau–Hydraulique,Construction,COMPOSANTE 1.1,COSO,Banque Mondiale,Réception définitive 100.0%,Réception définitive,100.0,100.0,20000000.0,14147099.0,17147072.0,250000.0,250000.0,2023-07-31,2024-02-05,2999973.0,2024-02-02,2024-02-02,2023-05-02,2023-08-06,3.0,2023-11-05,2024-06-01,2024-06-04,2024-06-13,2025-08-27,False,3,0.0,1,2500.0,1225.0,1275.0,True,True,True,True,2024-11-06,47.0,27.0,74.0,1,1931,[],,False,Chef Canton,,BOLEA,8.528625,1.612648,BOLEA > KABOLI > TCHAMBA 3 > TCHAMBA > CENTRALE,POINT(1.612648 8.528625),592.0,64.0,2.0,,,,,,,,,,,,,,,,,,,,,
595,13,9,"Construction d'un bâtiment scolaire de trois (03) classes, bureau, magasin + forage + blocs de latrines à l'EPP Dogodè + équipements ",Forages photovoltaïques dans les établissements scolaires,Infrastructure,Eau–Hydraulique,Construction,COMPOSANTE 1.1,COSO,Banque Mondiale,Remise de l'ouvrage à la communauté 100.0%,Réception définitive,100.0,100.0,20000000.0,12422082.0,12422082.0,,340000.0,2023-12-27,2024-02-05,,2024-02-05,2024-02-05,2023-05-02,2024-01-04,3.0,2024-04-04,2024-02-23,2024-04-09,2024-03-07,2025-05-09,False,3,0.0,1,752.0,352.0,400.0,True,True,True,True,2025-11-29,38.0,16.0,54.0,1,1932,[],True,False,Juge,,DOGODE,8.786747,1.630917,DOGODE > KABOLI > TCHAMBA 3 > TCHAMBA > CENTRALE,POINT(1.630917 8.786747),594.0,55.0,6.0,,,,,,,,,,,,,,,,,,,,,
598,16,12,Réalisation d'un forage photovoltaïque pour eau de boisson ,Forages photovoltaïques dans les communautés pour eau de boisson,Subproject,Eau–Hydraulique,Construction,COMPOSANTE 1.1,COSO,Banque Mondiale,Réception technique 100.0%,Réception provisoire,100.0,100.0,20000000.0,15937331.0,15937331.0,,260000.0,2023-07-31,,,,,2023-05-02,2023-08-06,3.0,2023-11-05,2024-08-18,2025-05-08,2024-11-13,2024-11-13,True,3,0.0,1,1394.0,645.0,648.0,True,True,True,True,2024-12-12,65.0,42.0,107.0,1,4026,[],,False,Maire,,KALA 2,8.673588,1.604208,KALA 2 > KABOLI > TCHAMBA 3 > TCHAMBA > CENTRALE,POINT(1.604208 8.673588),,,,,,,,,,,,,,,,,,,,,,,,
602,20,14,"Construction d'un bâtiment scolaire de trois (03) classes, bureau, magasin + forage + blocs de latrines à l'EPP Lakaba + équipements ",Forages photovoltaïques dans les établissements scolaires,Infrastructure,Eau–Hydraulique,Construction,COMPOSANTE 1.1,COSO,Banque Mondiale,Remise de l'ouvrage à la communauté 100.0%,Réception définitive,100.0,100.0,20000000.0,15257400.0,15257400.0,,330000.0,2023-07-31,,3098208.0,,,2023-05-02,2023-08-05,3.0,2023-11-04,2023-12-01,2025-05-08,2023-12-01,2025-05-08,True,3,0.0,1,700.0,343.0,357.0,True,True,True,True,2024-12-13,53.0,34.0,87.0,1,4025,[],,False,Juge,,LAKABA,0.0,0.0,LAKABA > KABOLI > TCHAMBA 3 > TCHAMBA > CENTRALE,POINT(0.0 0.0),601.0,,,,,,,,,,,,,,,,,,,,,,,
603,21,15,Réalisation d'un forage photovoltaïque pour eau de boisson ,Forages photovoltaïques dans les communautés pour eau de boisson,Subproject,Eau–Hydraulique,Construction,COMPOSANTE 1.1,COSO,Banque Mondiale,Remise de l'ouvrage à la communauté 100.0%,Réception définitive,100.0,100.0,20000000.0,16121426.0,16121426.0,250000.0,254137.0,2023-07-31,,,,,2023-05-02,2023-08-05,3.0,2023-11-04,2024-02-23,2024-05-08,2024-03-07,2025-05-08,True,3,0.0,1,600.0,294.0,306.0,True,True,True,True,2024-03-08,23.0,30.0,53.0,1,4022,[],True,False,Juge,,ODORIN,8.594615,1.616948,ODORIN > KABOLI > TCHAMBA 3 > TCHAMBA > CENTRALE,POINT(1.616948 8.594615),,82.0,1471.0,,,,,,,,,,,,,,,,,,,,,
605,23,16,"Construction d'un bâtiment scolaire de trois (03) classes, bureau, magasin + forage + blocs de latrines à l'EPP Samaï + équipements ",Forages photovoltaïques dans les établissements scolaires,Infrastructure,Eau–Hydraulique,Construction,COMPOSANTE 1.1,COSO,Banque Mondiale,Réception provisoire 100.0%,Réception provisoire,12.0,100.0,20000000.0,15937331.0,19003266.0,,35000.0,2023-07-31,,3065935.0,,,2023-05-02,2023-08-06,3.0,2023-11-05,2024-10-04,2024-08-08,2024-11-13,,False,3,0.0,1,2050.0,1004.0,1046.0,,,,,2024-12-06,56.0,20.0,76.0,1,4021,[],,False,Juge,,SAMAI,0.0,0.0,SAMAI > KABOLI > TCHAMBA 3 > TCHAMBA > CENTRALE,POINT(0.0 0.0),604.0,,,,,,,,,,,,,,,,,,,,,,,
607,25,17,Construction d'un centre communautaire + forage photovoltaïque,Forage Photovoltaïque (Centre communautaire),Infrastructure,Eau–Hydraulique,Construction,COMPOSANTE 1.1,COSO,Banque Mondiale,Remise de l'ouvrage à la communauté 100.0%,Réception définitive,100.0,100.0,20000000.0,14147099.0,14147099.0,250000.0,335000.0,2023-07-31,2023-07-31,14147099.0,2023-07-31,2023-07-31,2023-05-02,2023-08-06,3.0,2023-11-06,2023-12-31,2025-04-30,2024-01-26,2025-04-30,False,3,0.0,1,841.0,312.0,445.0,True,True,True,True,2024-10-31,62.0,92.0,154.0,1,1935,[],,False,Juge,,SOLIMBIA,8.764615,1.617617,SOLIMBIA > KABOLI > TCHAMBA 3 > TCHAMBA > CENTRALE,POINT(1.617617 8.764615),606.0,70.0,1.5,,,,,,,,,,,,,,,,,,,,,
611,29,19,Construction d’un bâtiment scolaire de 4 classes +bureau – magasin +forage +mobilier+ 2 blocs latrines au CEG,Forages photovoltaïques dans les établissements scolaires,Infrastructure,Eau–Hydraulique,Construction,COMPOSANTE 1.1,COSO,Banque Mondiale,Remise de l'ouvrage à la communauté 100.0%,Réception définitive,100.0,100.0,20000000.0,13536120.0,13536120.0,250000.0,542000.0,2023-07-28,2024-04-22,,2023-07-21,2023-07-21,2023-05-02,2023-08-04,3.0,2023-10-04,2023-12-31,2024-01-11,2024-01-11,2025-02-10,True,3,0.0,1,5545.0,1911.0,3149.0,True,True,True,True,2024-12-04,118.0,86.0,204.0,1,1941,[],,False,Juge,,ASSERE,9.799855,1.298193,ASSERE > PAGOUDA > BINAH 1 > BINAH > KARA,POINT(1.298193 9.799855),610.0,87.2,2.117,,,,2025-02-10,,,,,,,,,,,,,,,,,
615,33,22,Construction d’un centre communautaire+ forage+équipement+2 chambres à KAGNISSI,Forage Photovoltaïque (Centre communautaire),Infrastructure,Eau–Hydraulique,Construction,COMPOSANTE 1.1,COSO,Banque Mondiale,Remise de l'ouvrage à la communauté 100.0%,Réception définitive,100.0,100.0,20000000.0,13451797.0,13451797.0,250000.0,100000.0,2024-02-10,,,2023-07-21,2023-07-21,2023-05-02,2024-02-22,3.0,2025-05-21,2024-04-25,2025-05-01,2024-05-06,2025-05-27,True,3,0.0,1,4000.0,1241.0,1511.0,True,True,True,True,2024-09-20,70.0,62.0,132.0,1,1944,[],True,False,Juge,,KAGNISSI,9.7638567,1.3124717,KAGNISSI > PAGOUDA > BINAH 1 > BINAH > KARA,POINT(1.3124717 9.7638567),614.0,50.0,4.0,,,,2025-05-27,,,,,,,,,,,,,,,,,
617,35,23,Construction d’un bâtiment scolaire de 3 classes+bureau-magasin+forage+2 blocs latrines+ mobilier à l’EPP,Forages photovoltaïques dans les établissements scolaires,Infrastructure,Eau–Hydraulique,Construction,COMPOSANTE 1.1,COSO,Banque Mondiale,Remise de l'ouvrage à la communauté 100.0%,Réception définitive,100.0,100.0,20000000.0,13536120.0,13536120.0,,177200.0,2023-07-13,,,,,2023-05-02,2023-07-19,3.0,2023-10-18,2023-12-31,2024-01-11,2024-01-11,2025-02-10,True,3,0.0,1,1984.0,972.0,1012.0,,True,True,True,2024-10-28,69.0,40.0,109.0,1,1945,[],,False,N/A (ancien site),,KAWA,9.73982,1.3079933,KAWA > PAGOUDA > BINAH 1 > BINAH > KARA,POINT(1.3079933 9.73982),616.0,77.9,7.0,,,,,,,,,,,,,,,,,,,,,
619,37,24,Construction d’un bâtiment scolaire de 2 classes (au JEP) +bureau-magasin+forage+2 blocs latrines+ mobilier,Forages photovoltaïques dans les établissements scolaires,Infrastructure,Eau–Hydraulique,Construction,COMPOSANTE 1.1,COSO,Banque Mondiale,Remise de l'ouvrage à la communauté 100.0%,Réception définitive,100.0,100.0,20000000.0,16090209.0,16090209.0,,250000.0,2023-07-13,,,,,2023-05-02,2023-07-19,3.0,2023-10-18,2023-11-03,2023-10-17,2023-11-03,2025-02-10,True,3,0.0,1,1011.0,446.0,565.0,True,True,True,,2024-10-04,90.0,81.0,171.0,1,1946,[],,False,Juge,,KPANAHORE,9.75361,1.331408,KPANAHORE > PAGOUDA > BINAH 1 > BINAH > KARA,POINT(1.331408 9.75361),618.0,105.07,2.03,,,,2025-02-10,,,,,,,,,,,,,,,,,
622,40,26,Construction d’un bâtiment scolaire de 2 classes (au JEP) +bureau-magasin+forage+2 blocs latrines +mobilier,Forages photovoltaïques dans les établissements scolaires,Infrastructure,Eau–Hydraulique,Construction,COMPOSANTE 1.1,COSO,Banque Mondiale,Remise de l'ouvrage à la communauté 100.0%,Réception définitive,100.0,100.0,20000000.0,13536120.0,13536120.0,,91000.0,2023-07-26,,,,,2023-05-02,2023-08-03,3.0,2023-11-02,2023-12-31,,2024-01-11,2025-02-10,True,3,0.0,1,590.0,303.0,287.0,,,,,2024-09-13,68.0,50.0,118.0,1,1948,[],,False,N/A (ancien site),,SOMSIA,9.7106983,1.3185617,SOMSIA > PAGOUDA > BINAH 1 > BINAH > KARA,POINT(1.3185617 9.7106983),621.0,110.17,1.85,,,,2025-02-10,,,,,,,,,,,,,,,,,
625,43,28,Construction d’un bâtiment scolaire de 4 classes +bureau – magasin +forage +mobilier+ 1 bloc administratif au CEG,Forages photovoltaïques dans les établissements scolaires,Infrastructure,Eau–Hydraulique,Construction,COMPOSANTE 1.1,COSO,Banque Mondiale,Remise de l'ouvrage à la communauté 100.0%,Réception définitive,100.0,100.0,20000000.0,14005170.0,14005170.0,,250000.0,2023-12-18,,,,,2023-05-02,2023-12-23,3.0,2024-03-22,2024-03-15,2024-03-26,2024-03-26,2025-06-04,True,3,0.0,1,1845.0,795.0,1050.0,True,,True,True,2025-10-17,53.0,57.0,110.0,1,1950,[],,False,Juge,,WAZE,9.744758,1.320824,WAZE > PAGOUDA > BINAH 1 > BINAH > KARA,POINT(1.320824 9.744758),624.0,110.4,2.88,,,,,,,,,,,,,,,,,,,,,
627,45,30,Réalisation d’un forage photovoltaïque pour eau de boisson dans le quartier Peuhl,Forages photovoltaïques dans les communautés pour eau de boisson,Subproject,Eau–Hydraulique,Construction,COMPOSANTE 1.1,COSO,Banque Mondiale,Remise de l'ouvrage à la communauté 100.0%,Réception définitive,100.0,100.0,20000000.0,14710195.0,14710195.0,,252175.0,2023-07-16,,,,,2023-05-02,2023-07-22,3.0,2023-10-21,2024-02-05,2024-02-12,2024-02-12,2025-02-10,True,3,0.0,1,674.0,317.0,357.0,,,True,True,2024-03-21,57.0,65.0,122.0,1,1953,[],,False,,,ASSIMA,,,ASSIMA > KETAO > BINAH 2 > BINAH > KARA,,,77.8,28.8,,,,2025-02-10,,,,,,,,,,,,,,,,,
628,46,31,Réalisation d’un forage photovoltaïque pour eau de boisson et réparation de 2 forages existant,Forages photovoltaïques dans les communautés pour eau de boisson,Subproject,Eau–Hydraulique,Construction,COMPOSANTE 1.1,COSO,Banque Mondiale,Remise de l'ouvrage à la communauté 100.0%,Réception définitive,100.0,100.0,20000000.0,14710195.0,14710195.0,250000.0,250000.0,2023-07-13,,,2023-07-12,2023-07-12,2023-05-02,2023-07-19,3.0,2023-10-13,2023-12-31,2023-12-08,2024-01-11,2025-02-10,True,3,0.0,1,752.0,303.0,190.0,True,True,True,True,2024-02-15,45.0,38.0,83.0,1,3890,[],True,False,Niveau Juge,,BOMWAÏ,0.0,0.0,BOMWAÏ > KETAO > BINAH 2 > BINAH > KARA,POINT(0.0 0.0),,87.2,2.11,,,,2025-02-10,,,,,,,,,,,,,,,,,
631,49,33,Réalisation d’un forage photovoltaïque pour eau de boisson dans le quartier Peuhl,Forages photovoltaïques dans les communautés pour eau de boisson,Subproject,Eau–Hydraulique,Construction,COMPOSANTE 1.1,COSO,Banque Mondiale,Remise de l'ouvrage à la communauté 100.0%,Réception définitive,100.0,100.0,20250000.0,14802637.0,14802637.0,,252000.0,2023-07-11,,,,,2023-05-02,2023-07-17,3.0,2025-10-16,2023-12-31,,2024-01-11,2025-02-10,True,3,0.0,1,939.0,370.0,569.0,True,True,True,True,2024-01-17,107.0,122.0,229.0,1,1954,[],,False,Niveau Juge,,KADJANGA,9.724313,1.35165,KADJANGA > KETAO > BINAH 2 > BINAH > KARA,POINT(1.35165 9.724313),,,,,,,,,,,,,,,,,,,,,,,,
635,53,36,Construction d’un centre communautaire+ forage+équipement+2 chambres à TERODA,Forage Photovoltaïque (Centre communautaire),Infrastructure,Eau–Hydraulique,Construction,COMPOSANTE 1.1,COSO,Banque Mondiale,Remise de l'ouvrage à la communauté 100.0%,Réception définitive,100.0,100.0,20000000.0,14710195.0,14710195.0,,254500.0,2023-07-13,,,,,2023-05-02,2023-07-19,3.0,2023-10-18,2023-12-31,2024-01-11,2024-01-11,2025-02-10,True,3,0.0,1,2007.0,969.0,1038.0,True,,,,2024-02-29,79.0,99.0,178.0,1,1956,[],True,False,,,TERODA,,,TERODA > KETAO > BINAH 2 > BINAH > KARA,,634.0,91.75,2.07,,,,2025-02-10,,,1.0,,,,,,,,,,,,,,
636,54,37,Réalisation d’un forage photovoltaïque pour eau de boisson dans le quartier Peuhl,Forages photovoltaïques dans les communautés pour eau de boisson,Subproject,Eau–Hydraulique,Construction,COMPOSANTE 1.1,COSO,Banque Mondiale,Remise de l'ouvrage à la communauté 100.0%,Réception définitive,100.0,100.0,22500000.0,14802637.0,14802637.0,,200000.0,2023-07-11,,,,,2023-05-02,2023-07-17,3.0,2023-10-16,2023-11-22,2023-11-03,2023-11-22,2025-02-10,True,3,0.0,1,2007.0,969.0,1038.0,True,,,,2024-02-29,79.0,99.0,178.0,1,1956,[],,False,,,TERODA,9.671325,1.357624,TERODA > KETAO > BINAH 2 > BINAH > KARA,POINT(1.357624 9.671325),,110.3,4.07,,,,2025-02-10,,,,,,,,,,,,,,,,,
639,57,39,Construction d'un centre communautaire avec charpente métallique + forage photovoltaïque à BOADE CENTRE,Forage Photovoltaïque (Centre communautaire),Infrastructure,Eau–Hydraulique,Construction,COMPOSANTE 1.1,COSO,Banque Mondiale,Remise de l'ouvrage à la communauté 100.0%,Réception définitive,100.0,100.0,20000000.0,13238514.0,13238514.0,,,2023-03-22,,,,,2022-10-28,2023-04-05,3.0,2023-07-05,2023-08-16,,2023-08-16,2025-12-03,True,1,0.0,1,1618.0,747.0,326.0,True,,True,,2024-03-08,85.0,125.0,210.0,1,1961,[],True,False,Maire,,BOADE CENTRE,11.137485,-0.081247,BOADE CENTRE > BOADE > CINKASSE 1 > CINKASSE > SAVANES,POINT(-0.081247 11.137485),638.0,,,,,,,,,,1821.0,True,,,,,,,,,,,,
640,58,40,Réalisation d'un forage photovoltaïque ,Forages photovoltaïques dans les communautés pour eau de boisson,Subproject,Eau–Hydraulique,Construction,COMPOSANTE 1.1,COSO,Banque Mondiale,Remise de l'ouvrage à la communauté 100.0%,Réception définitive,100.0,100.0,20000000.0,15610897.0,15610897.0,,160000.0,2023-03-20,,,,,2022-10-28,2023-04-03,3.0,2023-07-03,2023-08-09,,2023-08-09,2025-02-04,False,1,0.0,1,481.0,180.0,307.0,True,True,True,,2024-05-11,45.0,60.0,105.0,1,1962,[],,False,Maire,Prof: 100 m débit :7 m3/h,GANGA 1,0.0,0.0,GANGA 1 > BOADE > CINKASSE 1 > CINKASSE > SAVANES,POINT(0.0 0.0),,100.0,7.0,,,,,,,,487.0,,,,,,,,,,,,,
641,59,41,Réalisation d'un forage photovoltaïque ,Forages photovoltaïques dans les communautés pour eau de boisson,Subproject,Eau–Hydraulique,Construction,COMPOSANTE 1.1,COSO,Banque Mondiale,Remise de l'ouvrage à la communauté 100.0%,Réception définitive,100.0,100.0,20000000.0,16825077.0,16825077.0,,160000.0,2023-03-20,,,,,2022-10-28,2023-04-03,3.0,2023-07-03,2023-08-09,2023-04-05,2023-08-09,2025-02-04,False,1,0.0,1,462.0,176.0,286.0,True,True,True,True,2024-05-10,21.0,53.0,74.0,1,1963,[],,False,Maire,Prof: 100 m débit :12 m3/h,GANGA 2,0.0,0.0,GANGA 2 > BOADE > CINKASSE 1 > CINKASSE > SAVANES,POINT(0.0 0.0),,100.0,12.0,,,,,,,,600.0,,,,,,,,,,,,,
643,61,43,Réalisation d'un forage photovoltaïque ,Forages photovoltaïques dans les communautés pour eau de boisson,Subproject,Eau–Hydraulique,Construction,COMPOSANTE 1.1,COSO,Banque Mondiale,Remise de l'ouvrage à la communauté 100.0%,Réception définitive,100.0,100.0,20000000.0,17513357.0,17513357.0,,250000.0,2023-03-08,,,,,2022-10-28,2023-03-22,3.0,2023-06-22,2023-08-04,,2023-08-04,2025-05-21,False,1,0.0,1,323.0,165.0,178.0,True,True,True,True,2024-03-12,24.0,33.0,57.0,1,1966,[],,False,Maire,"Prof: 64,4 m débit  : 8 m3/h",KASSOU 2,0.0,0.0,KASSOU 2 > BOADE > CINKASSE 1 > CINKASSE > SAVANES,POINT(0.0 0.0),,64.4,8.0,,,,,,,,300.0,True,,,,,,,,,,,,
646,64,45,Réalisation d'un forage photovoltaïque ,Forages photovoltaïques dans les communautés pour eau de boisson,Subproject,Eau–Hydraulique,Construction,COMPOSANTE 1.1,COSO,Banque Mondiale,Remise de l'ouvrage à la communauté 100.0%,Réception définitive,100.0,100.0,20000000.0,18675158.0,18675158.0,,235000.0,2023-03-08,,,,,2022-10-28,2023-03-22,3.0,2023-06-22,2023-09-14,,2023-09-14,2025-08-20,False,1,0.0,1,519.0,179.0,340.0,True,,True,True,2024-05-02,50.0,30.0,80.0,1,3824,[],,False,Maire,,KORENZOAGA 2,0.0,0.0,KORENZOAGA 2 > BOADE > CINKASSE 1 > CINKASSE > SAVANES,POINT(0.0 0.0),,,,,,,,,,,519.0,True,,,,,,,,,,,,
647,65,46,Réalisation d'un forage photovoltaïque ,Forages photovoltaïques dans les communautés pour eau de boisson,Subproject,Eau–Hydraulique,Construction,COMPOSANTE 1.1,COSO,Banque Mondiale,Remise de l'ouvrage à la communauté 100.0%,Réception définitive,100.0,100.0,20000000.0,17272439.0,17272439.0,,240000.0,2023-03-08,,,,,2022-10-28,2023-03-22,3.0,2023-06-22,2023-08-29,,2023-08-29,2025-06-19,False,1,0.0,1,517.0,267.0,306.0,True,True,True,,2024-03-12,45.0,89.0,134.0,1,1968,[],,False,Maire,Site litigeux et attente de remplacement,NAPOGO,11.10989,-0.081831,NAPOGO > BOADE > CINKASSE 1 > CINKASSE > SAVANES,POINT(-0.081831 11.10989),,,,,,,,,,,471.0,,,,,,,,,,,,,
648,66,47,Réalisation d'un forage photovoltaïque ,Forages photovoltaïques dans les communautés pour eau de boisson,Subproject,Eau–Hydraulique,Construction,COMPOSANTE 1.1,COSO,Banque Mondiale,Remise de l'ouvrage à la communauté 100.0%,Réception définitive,100.0,100.0,20000000.0,17808357.0,17808357.0,,240000.0,2023-03-08,,,,,2022-10-28,2023-03-22,3.0,2023-06-22,2023-08-17,,2023-08-17,2025-05-15,False,1,0.0,1,484.0,172.0,312.0,,,,,2024-03-11,29.0,23.0,52.0,1,1969,[],,False,Maire,,SANDOGO,11.099809,-0.067271,SANDOGO > BOADE > CINKASSE 1 > CINKASSE > SAVANES,POINT(-0.067271 11.099809),,,,,,,,,,,,,,,,,,,,,,,,
649,67,48,Réalisation d'un forage photovoltaïque ,Forages photovoltaïques dans les communautés pour eau de boisson,Subproject,Eau–Hydraulique,Construction,COMPOSANTE 1.1,COSO,Banque Mondiale,Remise de l'ouvrage à la communauté 100.0%,Réception définitive,100.0,100.0,20000000.0,16857277.0,16857277.0,,214000.0,2023-03-10,,,,,2022-10-28,2023-03-24,3.0,2023-03-24,2023-08-17,,2023-08-17,2025-05-21,False,1,0.0,1,1103.0,535.0,568.0,True,True,True,True,2024-05-08,85.0,123.0,208.0,2,1964; 1970,[],True,False,Maire,,WOURI-WOURI,11.116633,-0.03386,WOURI-WOURI > BOADE > CINKASSE 1 > CINKASSE > SAVANES,POINT(-0.03386 11.116633),,9239.0,,,,,,,,,300.0,True,,,,,,,,,,,,
650,68,49,Réalisation d'un forage photovoltaïque ,Forages photovoltaïques dans les communautés pour eau de boisson,Subproject,Eau–Hydraulique,Construction,COMPOSANTE 1.1,COSO,Banque Mondiale,Réception définitive 100.0%,Réception définitive,100.0,100.0,20000000.0,17926357.0,17926357.0,,200000.0,2023-03-08,,,,,2022-10-28,2023-03-22,3.0,2023-06-22,2023-08-17,,2023-08-17,2025-05-15,False,1,0.0,1,539.0,230.0,309.0,True,,True,,2024-03-13,21.0,40.0,61.0,1,1971,[],,False,Maire,,ZAMISSI,11.089657,-0.066757,ZAMISSI > BOADE > CINKASSE 1 > CINKASSE > SAVANES,POINT(-0.066757 11.089657),,,,,,,,,,,,,,,,,,,,,,,,
651,69,50,Réalisation d'un forage photovoltaïque ,Forages photovoltaïques dans les communautés pour eau de boisson,Subproject,Eau–Hydraulique,Construction,COMPOSANTE 1.1,COSO,Banque Mondiale,Remise de l'ouvrage à la communauté 100.0%,Réception définitive,100.0,100.0,20000000.0,16701573.0,16701573.0,,250000.0,2023-03-16,,,,,2022-10-28,2023-03-30,3.0,2023-06-30,2023-08-29,,2023-08-29,2025-04-10,False,1,0.0,1,1821.0,635.0,843.0,True,True,,,2024-05-05,29.0,40.0,69.0,1,1972,[],,False,Maire,"Prof:91,8 m débit 6,11 m3/h",ZINTANGO,11.125808,-0.08592,ZINTANGO > BOADE > CINKASSE 1 > CINKASSE > SAVANES,POINT(-0.08592 11.125808),,91.8,6.11,,,,,,,,,,,,,,,,,,,,,
652,70,51,Réalisation d'un forage photovoltaïque ,Forages photovoltaïques dans les communautés pour eau de boisson,Subproject,Eau–Hydraulique,Construction,COMPOSANTE 1.1,COSO,Banque Mondiale,Réception définitive 100.0%,Réception définitive,100.0,100.0,20000000.0,17926357.0,17926357.0,,250000.0,2023-03-08,,,,,2022-10-28,2023-03-22,3.0,2023-03-22,2023-08-18,,2023-08-18,2025-02-07,False,1,0.0,1,589.0,318.0,460.0,True,,True,True,2024-03-15,45.0,39.0,84.0,1,1974,[],,False,Maire,,BARGOUNDE,11.081848,0.015431,BARGOUNDE > CINKASSE > CINKASSE 1 > CINKASSE > SAVANES,POINT(0.015431 11.081848),,,3.0,,,,,,,,400.0,,,,,,,,,,,,,
653,71,52,Réalisation d'un forage photovoltaïque,Forages photovoltaïques dans les communautés pour eau de boisson,Subproject,Eau–Hydraulique,Construction,COMPOSANTE 1.1,COSO,Banque Mondiale,Réception définitive 100.0%,Réception définitive,100.0,100.0,20000000.0,17808357.0,17808357.0,,211835.0,2023-03-08,,,,,2022-10-28,2023-03-22,3.0,2023-03-22,2023-10-17,,2023-10-17,2025-02-06,False,1,0.0,1,1792.0,729.0,1063.0,True,True,True,,2024-03-13,24.0,26.0,50.0,2,3836; 3962,[],,False,Maire,,BOUSSANGA 1,0.0,0.0,BOUSSANGA 1 > CINKASSE > CINKASSE 1 > CINKASSE > SAVANES,POINT(0.0 0.0),,103.97,3.08,,,,,,,,1792.0,True,,,,,,,,,,,,
656,74,54,Réalisation d'un forage photovoltaïque,Forages photovoltaïques dans les communautés pour eau de boisson,Subproject,Eau–Hydraulique,Construction,COMPOSANTE 1.1,COSO,Banque Mondiale,Réception provisoire 100.0%,Réception provisoire,100.0,100.0,20000000.0,17859025.0,17859025.0,,,2022-12-16,,,2022-12-16,2022-12-16,2022-10-28,2023-05-31,3.0,2023-03-16,2023-06-14,,2023-06-14,,False,1,0.0,1,1115.0,515.0,600.0,True,True,True,True,2024-05-18,38.0,115.0,153.0,1,1976,[],,False,,,GOYAMBA 1,0.0,0.0,GOYAMBA 1 > CINKASSE > CINKASSE 1 > CINKASSE > SAVANES,POINT(0.0 0.0),,,,,,,,,,,170.0,True,,,200000.0,301000.0,2022-08-01,300000.0,,,,,,
657,75,55,Réalisation d'un forage photovoltaïque ,Forages photovoltaïques dans les communautés pour eau de boisson,Subproject,Eau–Hydraulique,Construction,COMPOSANTE 1.1,COSO,Banque Mondiale,Remise de l'ouvrage à la communauté 100.0%,Réception définitive,100.0,100.0,20000000.0,14517056.0,14517056.0,,148000.0,2023-03-16,,,,,2022-10-28,2023-03-30,3.0,2023-03-30,2023-08-18,,2023-08-18,2025-02-13,False,1,0.0,1,1115.0,372.0,743.0,True,,True,True,2024-04-12,23.0,50.0,73.0,1,3827,[],True,False,Maire,Géophysique,GOYAMBA 2,0.0,0.0,GOYAMBA 2 > CINKASSE > CINKASSE 1 > CINKASSE > SAVANES,POINT(0.0 0.0),,,,,,,,,,,1321.0,True,,,,,,,,,,,,
658,76,56,Réalisation d'un forage photovoltaïque,Forages photovoltaïques dans les communautés pour eau de boisson,Subproject,Eau–Hydraulique,Construction,COMPOSANTE 1.1,COSO,Banque Mondiale,Réception définitive 100.0%,Réception définitive,100.0,100.0,20000000.0,13573056.0,13573056.0,250000.0,270000.0,2023-03-13,,,,,2022-10-28,2023-03-20,3.0,2023-04-03,2023-11-22,,2023-11-22,2025-02-13,True,1,0.0,1,528.0,219.0,309.0,True,True,True,True,2024-03-13,16.0,64.0,80.0,1,3833,[],True,False,Maire,Géophysique,KALYADA,0.0,0.0,KALYADA > CINKASSE > CINKASSE 1 > CINKASSE > SAVANES,POINT(0.0 0.0),,32.29,3.21,,,,,,,,847.0,True,,,,,,,,,,,,
659,77,57,Réalisation d'un forage photovoltaïque,Forages photovoltaïques dans les communautés pour eau de boisson,Subproject,Eau–Hydraulique,Construction,COMPOSANTE 1.1,COSO,Banque Mondiale,Remise de l'ouvrage à la communauté 100.0%,Réception définitive,100.0,100.0,20000000.0,18340150.0,18340150.0,250000.0,100000.0,2023-03-08,,,,,2022-10-28,2023-03-22,3.0,2023-03-22,2023-11-02,2023-10-10,2023-11-02,2025-03-26,True,1,0.0,1,362.0,170.0,192.0,True,True,True,True,2024-03-29,21.0,73.0,94.0,1,1977,[],True,False,Maire,,KODAGO,11.10398,0.042313,KODAGO > CINKASSE > CINKASSE 1 > CINKASSE > SAVANES,POINT(0.042313 11.10398),,,,,,,,,,,350.0,,,,,,,,,,,,,
661,79,58,Construction d'un Bâtiment scolaire de 3 classes avec bureau et magasin + 2 Blocs de Latrines +forage photovoltaïque à l'EPP KOMOULOGOU 1,Forages photovoltaïques dans les communautés pour eau de boisson,Infrastructure,Eau–Hydraulique,Construction,COMPOSANTE 1.1,COSO,Banque Mondiale,Réception provisoire 100.0%,Réception provisoire,100.0,100.0,20000000.0,15309715.0,15309715.0,,,2025-03-18,,,,,2022-10-28,2025-03-22,3.0,2025-06-21,2025-06-18,2025-06-18,2025-07-03,,False,1,0.0,1,2452.0,1102.0,1350.0,True,,,,2024-03-30,33.0,77.0,110.0,2,3839; 3840,[],True,False,Aucun,,KOMOULOGOU 2,0.0,0.0,KOMOULOGOU 2 > CINKASSE > CINKASSE 1 > CINKASSE > SAVANES,POINT(0.0 0.0),660.0,,,,,,,,,,,,,,,,,,,,,,,
662,80,59,Réalisation d'un forage photovoltaïque,Forages photovoltaïques dans les communautés pour eau de boisson,Subproject,Eau–Hydraulique,Construction,COMPOSANTE 1.1,COSO,Banque Mondiale,Remise de l'ouvrage à la communauté 100.0%,Réception définitive,100.0,100.0,20000000.0,18340150.0,18340150.0,,200000.0,2023-03-08,,,,,2022-10-28,2023-03-22,3.0,2023-03-22,2023-11-02,,2023-11-02,2025-03-26,False,1,0.0,1,205.0,83.0,122.0,True,,True,True,2024-03-12,22.0,30.0,52.0,1,1978,[],,False,Maire,,KOWONGO,0.0,0.0,KOWONGO > CINKASSE > CINKASSE 1 > CINKASSE > SAVANES,POINT(0.0 0.0),,,,,,,,,,,300.0,,,,,,,,,,,,,
663,81,60,Réalisation d'un forage photovoltaïque,Forages photovoltaïques dans les communautés pour eau de boisson,Subproject,Eau–Hydraulique,Construction,COMPOSANTE 1.1,COSO,Banque Mondiale,Réception définitive 100.0%,Réception définitive,100.0,100.0,20000000.0,17859025.0,17859025.0,250000.0,332670.0,2022-12-16,,,2022-12-16,2022-12-16,2022-10-28,2023-03-16,3.0,2023-03-16,2023-04-18,2023-04-18,2023-04-18,2024-08-22,True,1,0.0,1,1115.0,515.0,600.0,True,True,True,True,2024-03-06,12.0,67.0,79.0,1,4031,[],True,False,Maire,,KPALBIAGA 1,0.0,0.0,KPALBIAGA 1 > CINKASSE > CINKASSE 1 > CINKASSE > SAVANES,POINT(0.0 0.0),,101.0,5.14,,,,,,,,752.0,True,,,200000.0,301000.0,2022-08-01,300000.0,,,,,,
664,82,61,Réalisation d'un forage photovoltaïque ,Forages photovoltaïques dans les communautés pour eau de boisson,Subproject,Eau–Hydraulique,Construction,COMPOSANTE 1.1,COSO,Banque Mondiale,Remise de l'ouvrage à la communauté 100.0%,Réception définitive,100.0,100.0,20000000.0,19767189.0,19767189.0,,219000.0,2023-03-16,,,,,2022-10-28,2023-03-30,3.0,2023-03-30,2023-08-22,,2023-08-22,2025-02-20,False,1,0.0,1,1306.0,463.0,870.0,True,True,True,True,2024-03-06,23.0,101.0,124.0,1,4032,[],,False,Maire,Géophysique,KPALBIAGA 2,0.0,0.0,KPALBIAGA 2 > CINKASSE > CINKASSE 1 > CINKASSE > SAVANES,POINT(0.0 0.0),,49.06,10.5,,,,,,,,1306.0,True,,,,,,,,,,,,
667,85,63,Réalisation d'un forage photovoltaïque,Forages photovoltaïques dans les communautés pour eau de boisson,Subproject,Eau–Hydraulique,Construction,COMPOSANTE 1.1,COSO,Banque Mondiale,Réception définitive 100.0%,Réception définitive,100.0,100.0,20000000.0,16610058.0,16610058.0,250000.0,250000.0,2023-03-03,,,,,2022-10-28,2023-03-22,3.0,2023-03-24,2023-08-31,2023-08-31,2023-08-31,2024-12-19,True,1,0.0,1,735.0,311.0,424.0,True,True,True,True,2024-05-15,27.0,69.0,96.0,1,3834,[],True,False,Maire,,NONLEDE,0.0,0.0,NONLEDE > CINKASSE > CINKASSE 1 > CINKASSE > SAVANES,POINT(0.0 0.0),,73.6,14.13,,,,,,,,700.0,True,,,,,,,,,,,,
668,86,64,Réalisation d'un forage photovoltaïque ,Forages photovoltaïques dans les communautés pour eau de boisson,Subproject,Eau–Hydraulique,Construction,COMPOSANTE 1.1,COSO,Banque Mondiale,Réception provisoire 100.0%,Réception provisoire,100.0,100.0,20000000.0,17926357.0,17926357.0,,400000.0,2023-03-08,,,,,2022-10-28,2023-03-22,3.0,2023-03-22,2023-08-22,,2023-08-22,,False,1,0.0,1,2942.0,1036.0,1904.0,True,,True,True,2024-05-08,21.0,64.0,85.0,1,3830,[],,False,Maire,,PIZOSGO 1,0.0,0.0,PIZOSGO 1 > CINKASSE > CINKASSE 1 > CINKASSE > SAVANES,POINT(0.0 0.0),,,3.3,,,,,,,,2924.0,,,,,,,,,,,,,
671,89,66,Réalisation d'un forage photovoltaïque,Forages photovoltaïques dans les communautés pour eau de boisson,Subproject,Eau–Hydraulique,Construction,COMPOSANTE 1.1,COSO,Banque Mondiale,Remise de l'ouvrage à la communauté 100.0%,Réception définitive,100.0,100.0,20000000.0,17059883.0,17059883.0,,250000.0,2023-03-01,,,,,2022-10-28,2023-04-05,3.0,2023-03-22,2023-08-31,,2023-08-31,2025-02-14,False,1,0.0,1,2665.0,770.0,1895.0,True,True,True,True,2024-03-09,47.0,86.0,133.0,2,3842; 3843,[],,False,Maire,,POGOYOGO 2,0.0,0.0,POGOYOGO 2 > CINKASSE > CINKASSE 1 > CINKASSE > SAVANES,POINT(0.0 0.0),,64.4,14.0,,,,,,,,,True,,,,,,,,,,,,
673,91,67,Construction deux blocs de latrines communautaires + forage photovoltaïque,Forages photovoltaïques dans les communautés pour eau de boisson,Infrastructure,Eau–Hydraulique,Construction,COMPOSANTE 1.1,COSO,Banque Mondiale,Remise de l'ouvrage à la communauté 100.0%,Réception définitive,100.0,100.0,20000000.0,12335470.0,12335470.0,,,2024-01-15,,,,,2022-10-28,2024-01-28,3.0,2024-04-28,2024-04-03,,2024-04-11,2025-02-07,False,1,0.0,1,2452.0,1350.0,10102.0,True,True,True,True,2024-10-05,21.0,33.0,54.0,1,3841,[],,False,Maire,,SIAMBIN,0.0,0.0,SIAMBIN > CINKASSE > CINKASSE 1 > CINKASSE > SAVANES,POINT(0.0 0.0),672.0,55.1,4.5,,,,,,,,,,,,,,,,,,,,,
676,94,70,Réalisation d'un forage photovoltaïque,Forages photovoltaïques dans les communautés pour eau de boisson,Subproject,Eau–Hydraulique,Construction,COMPOSANTE 1.1,COSO,Banque Mondiale,Réception définitive 100.0%,Réception définitive,100.0,100.0,20000000.0,17562917.0,17562917.0,,250000.0,2023-03-08,,,,,2022-10-28,2023-03-22,3.0,2023-06-21,2023-08-23,,2023-08-23,2025-02-07,False,1,0.0,1,10152.0,624.0,991.0,True,,True,True,2024-03-13,45.0,150.0,195.0,3,1982; 1984; 1985,[],,False,Maire,,SAYODE,11.07053,0.019593,SAYODE > CINKASSE > CINKASSE 1 > CINKASSE > SAVANES,POINT(0.019593 11.07053),,64.0,4.5,,,,,,,,500.0,,,,,,,,,,,,,
677,95,71,Réalisation d'un forage photovoltaïque,Forages photovoltaïques dans les communautés pour eau de boisson,Subproject,Eau–Hydraulique,Construction,COMPOSANTE 1.1,COSO,Banque Mondiale,Réception définitive 100.0%,Réception définitive,100.0,100.0,20000000.0,17926357.0,17926357.0,250000.0,275000.0,2023-03-08,,,,,2022-10-28,2023-03-22,3.0,2023-03-22,2023-08-23,2023-08-23,2023-08-23,2025-02-06,True,1,0.0,1,1682.0,639.0,1043.0,True,True,True,True,2024-03-20,28.0,67.0,95.0,1,1986,[],True,False,Maire,,TIMANGA (CINKASSE),11.083669,0.031963,TIMANGA (CINKASSE) > CINKASSE > CINKASSE 1 > CINKASSE > SAVANES,POINT(0.031963 11.083669),,64.0,4.32,,,,,,,,1375.0,True,,,,,,,,,,,,
679,97,73,Réalisation d'un forage photovoltaïque,Forages photovoltaïques dans les communautés pour eau de boisson,Subproject,Eau–Hydraulique,Construction,COMPOSANTE 1.1,COSO,Banque Mondiale,Réception définitive 100.0%,Réception définitive,100.0,100.0,20000000.0,18340150.0,18340150.0,250000.0,349600.0,2023-03-08,,,,,2022-10-28,2023-03-22,3.0,2023-04-03,2023-12-31,2024-10-02,2024-10-02,2025-02-13,True,1,0.0,1,926.0,347.0,579.0,True,True,True,True,2024-10-09,16.0,51.0,67.0,1,1987,[],True,False,Maire,Géophysique,WOMNOGO,0.0,0.0,WOMNOGO > CINKASSE > CINKASSE 1 > CINKASSE > SAVANES,POINT(0.0 0.0),,55.2,2.2,,,,,,,,800.0,True,,,,,,,,,,,,
680,98,74,Réalisation d'un forage photovoltaïque,Forages photovoltaïques dans les communautés pour eau de boisson,Subproject,Eau–Hydraulique,Construction,COMPOSANTE 1.1,COSO,Banque Mondiale,Remise de l'ouvrage à la communauté 100.0%,Réception définitive,100.0,100.0,20000000.0,13788286.0,13788286.0,,250000.0,2023-03-09,,,,,2022-10-28,2023-03-22,3.0,2023-03-30,2023-05-19,,2023-05-19,2025-03-25,False,1,0.0,1,854.0,342.0,512.0,True,,True,,2024-05-31,22.0,42.0,64.0,1,3862,[],,False,Maire,,YIEGOU (CINKASSE),11.098188,0.036734,YIEGOU (CINKASSE) > CINKASSE > CINKASSE 1 > CINKASSE > SAVANES,POINT(0.036734 11.098188),,62.91,4.0,,,,,,,,854.0,,,,,,,,,,,,,
682,100,76,Réalisation d'un forage photovoltaïque maraicher,Forages photovoltaïques pour les activités maraîchères,Subproject,Eau–Hydraulique,Construction,COMPOSANTE 1.1,COSO,Banque Mondiale,Réception définitive 100.0%,Réception définitive,100.0,100.0,20000000.0,17859025.0,17859025.0,,50000.0,2022-12-16,,,2022-12-16,2022-12-16,2022-10-28,2023-03-16,3.0,2023-05-31,2023-04-18,,2023-04-18,2024-08-22,False,1,0.0,1,650.0,312.0,338.0,True,True,,True,2024-05-07,21.0,28.0,49.0,1,1989,[],,False,Maire,,BINGOULA,11.1176724,-0.081247,BINGOULA > GNOAGA > CINKASSE 1 > CINKASSE > SAVANES,POINT(-0.081247 11.1176724),,101.0,6.2,,,,,,,,,,,,200000.0,301333.0,2022-08-01,300000.0,,,,,,
683,101,77,Réalisation d'un forage photovoltaïque ,Forages photovoltaïques pour les activités maraîchères,Subproject,Eau–Hydraulique,Construction,COMPOSANTE 1.1,COSO,Banque Mondiale,Remise de l'ouvrage à la communauté 100.0%,Réception définitive,100.0,100.0,30000000.0,14278000.0,14278000.0,,48000.0,2023-07-18,,,,,2022-10-28,2023-11-02,3.0,2023-11-22,2024-02-01,,2024-02-15,2025-04-03,False,1,0.0,1,750.0,368.0,382.0,True,,,,2024-04-23,31.0,47.0,78.0,1,1991,[],,False,Maire,,GANGA,,,GANGA > GNOAGA > CINKASSE 1 > CINKASSE > SAVANES,,,,,,,,,,,,,,,,,,,,,,,,,
685,103,78,Construction d'un centre communautaire avec charpente métallique + forage photovoltaïque à GNOAGA CENTRE,Forage Photovoltaïque (Centre communautaire),Infrastructure,Eau–Hydraulique,Construction,COMPOSANTE 1.1,COSO,Banque Mondiale,Réception définitive 100.0%,Réception définitive,100.0,100.0,20000000.0,18275374.0,18275374.0,,,2023-03-08,,,,,2022-10-28,2023-03-22,3.0,2023-06-22,2023-08-30,,2023-08-30,2025-12-03,False,1,0.0,1,593.0,199.0,394.0,True,True,True,True,2024-04-18,25.0,29.0,54.0,2,1990; 1992,[],True,False,Maire,"Prof:102,00 m débit 5,6 m3/h",GNOAGA CENTRE,11.105457,-0.103617,GNOAGA CENTRE > GNOAGA > CINKASSE 1 > CINKASSE > SAVANES,POINT(-0.103617 11.105457),684.0,102.0,5.6,,,,,,,,593.0,,,,,,,,,,,,,
688,106,81,Réalisation d'un forage photovoltaïque maraicher,Forages photovoltaïques pour les activités maraîchères,Subproject,Eau–Hydraulique,Construction,COMPOSANTE 1.1,COSO,Banque Mondiale,Réception définitive 100.0%,Réception définitive,100.0,100.0,20000000.0,14061476.0,14061476.0,,268000.0,2022-11-01,,,2022-11-01,2022-11-01,2022-10-28,2023-01-30,3.0,2023-01-30,2023-03-09,,2023-03-09,2024-08-22,False,1,0.0,1,271.0,130.0,141.0,True,True,True,True,2024-04-24,17.0,26.0,43.0,2,1994; 1997,[],,False,Maire,Attente pour correction des réserves,YOUMAKOU,11.099301,-0.10443,YOUMAKOU > GNOAGA > CINKASSE 1 > CINKASSE > SAVANES,POINT(-0.10443 11.099301),,65.0,4.6,,,,,,,,,,,,256041.0,301333.0,2022-08-01,300000.0,,,,,,
691,109,84,Réalisation d'un forage photovoltaïque,Forages photovoltaïques dans les communautés pour eau de boisson,Subproject,Eau–Hydraulique,Construction,COMPOSANTE 1.1,COSO,Banque Mondiale,Réception définitive 100.0%,Réception définitive,100.0,100.0,20000000.0,21204016.0,21204016.0,,40000.0,2022-11-01,,14061476.0,2022-11-01,2022-11-01,2022-10-28,2023-01-30,3.0,2023-01-30,2023-03-09,,2023-03-09,2025-08-20,True,1,0.0,1,460.0,230.0,230.0,True,True,True,True,2024-03-04,46.0,69.0,115.0,1,2001,[],,False,Maire,Attente pour correction des réserves,KOKNOGO,0.0,0.0,KOKNOGO > GOULOUNGOUSSI > CINKASSE 1 > CINKASSE > SAVANES,POINT(0.0 0.0),,100.0,2.27,,,,,,,,460.0,True,,,256041.0,301333.0,2022-08-01,300000.0,,,,,,
693,111,86,Réalisation d'un forage photovoltaïque ,Forages photovoltaïques dans les communautés pour eau de boisson,Subproject,Eau–Hydraulique,Construction,COMPOSANTE 1.1,COSO,Banque Mondiale,Réception définitive 100.0%,Réception définitive,100.0,100.0,20000000.0,17272439.0,17272439.0,,220000.0,2023-03-08,,,,,2022-10-28,2023-03-22,3.0,2023-06-22,2023-09-14,,2023-09-14,2025-06-19,False,1,0.0,1,900.0,261.0,293.0,True,True,True,True,2024-04-14,24.0,32.0,56.0,1,2003,[],,False,,"Prof:97,96 m débit 5,4 m3/h",KODINZOAGA,11.139244,-0.113093,KODINZOAGA > GOULOUNGOUSSI > CINKASSE 1 > CINKASSE > SAVANES,POINT(-0.113093 11.139244),,,,,,,,,,,800.0,,,,,,,,,,,,,
695,113,87,Construction d'un centre communautaire avec charpente métallique + forage photovoltaïque à KOULTAMSÉ,Forage Photovoltaïque (Centre communautaire),Infrastructure,Eau–Hydraulique,Construction,COMPOSANTE 1.1,COSO,Banque Mondiale,Remise de l'ouvrage à la communauté 100.0%,Réception définitive,100.0,100.0,20000000.0,17808357.0,17808357.0,,,2023-03-08,,,2022-11-01,,2022-10-28,2023-03-22,3.0,2023-06-22,2023-08-04,,2023-08-04,2025-05-16,False,1,0.0,1,654.0,224.0,282.0,True,True,True,True,2024-03-08,32.0,52.0,84.0,1,2004,[],True,False,Maire,,KOULTAMSÉ,11.125092,-0.110754,KOULTAMSÉ > GOULOUNGOUSSI > CINKASSE 1 > CINKASSE > SAVANES,POINT(-0.110754 11.125092),694.0,,,,,,,,,,,True,,,,,,,,,,,,
696,114,88,Réalisation d'un forage photovoltaïque,Forages photovoltaïques dans les communautés pour eau de boisson,Subproject,Eau–Hydraulique,Construction,COMPOSANTE 1.1,COSO,Banque Mondiale,Remise de l'ouvrage à la communauté 100.0%,Réception définitive,100.0,100.0,20000000.0,14061476.0,14061476.0,250000.0,65000.0,2022-11-01,2024-10-25,,2022-11-01,2022-11-01,2022-10-28,2023-01-30,3.0,2023-01-30,2023-03-09,,2023-03-09,2024-08-22,True,1,0.0,1,543.0,223.0,420.0,True,True,True,True,2024-03-10,20.0,43.0,63.0,1,3845,[],,False,Maire,Attente pour correction des réserves,LANGANDE,0.0,0.0,LANGANDE > GOULOUNGOUSSI > CINKASSE 1 > CINKASSE > SAVANES,POINT(0.0 0.0),,75.0,5.14,,,,,,,,543.0,True,,,256041.0,301333.0,2022-08-01,300000.0,,,,,,
697,115,89,Réalisation d'un forage photovoltaïque ,Forages photovoltaïques dans les communautés pour eau de boisson,Subproject,Eau–Hydraulique,Construction,COMPOSANTE 1.1,COSO,Banque Mondiale,Réception définitive 100.0%,Réception définitive,100.0,100.0,20000000.0,16857277.0,16857277.0,,180000.0,2023-03-22,,16857277.0,2022-11-01,,2022-10-28,2023-04-05,3.0,2023-07-05,2023-11-17,,2023-11-17,2025-05-16,False,1,0.0,1,329.0,74.0,76.0,True,True,True,True,2024-05-08,17.0,36.0,53.0,1,3844,[],True,False,Chef Canton,,SINOGO,11.125092,-0.110754,SINOGO > GOULOUNGOUSSI > CINKASSE 1 > CINKASSE > SAVANES,POINT(-0.110754 11.125092),,,,,,,,,,,,,,,,,,,,,,,,
698,116,90,Réalisation d'un forage photovoltaïque ,Forages photovoltaïques dans les communautés pour eau de boisson,Subproject,Eau–Hydraulique,Construction,COMPOSANTE 1.1,COSO,Banque Mondiale,Réception définitive 100.0%,Réception définitive,100.0,100.0,20000000.0,18275374.0,18275374.0,,250000.0,2023-03-08,,,2022-11-01,,2022-10-28,2023-03-22,3.0,2023-06-22,2023-08-16,,2023-08-16,2025-12-03,True,1,0.0,1,341.0,164.0,177.0,True,True,True,True,2024-03-08,29.0,41.0,70.0,1,2005,[],True,False,Maire,,TENNOGO,11.106438,-0.112391,TENNOGO > GOULOUNGOUSSI > CINKASSE 1 > CINKASSE > SAVANES,POINT(-0.112391 11.106438),,,,,,,,,,,,,,,,,,,,,,,,
699,117,91,Réalisation d'un forage photovoltaïque ,Forages photovoltaïques dans les communautés pour eau de boisson,Subproject,Eau–Hydraulique,Construction,COMPOSANTE 1.1,COSO,Banque Mondiale,Réception définitive 100.0%,Réception provisoire,100.0,100.0,20000000.0,16625634.0,16625634.0,,190000.0,2023-03-22,,,2022-11-01,,2022-10-28,2023-04-05,3.0,2023-07-05,2023-11-17,,2023-11-17,,False,1,0.0,1,456.0,122.0,106.0,True,True,True,True,2024-04-24,14.0,31.0,45.0,1,2006,[],,False,Maire,"Prof:91,8 m débit 6,11 m3/h",ZOUBEKO,11.110269,-0.127504,ZOUBEKO > GOULOUNGOUSSI > CINKASSE 1 > CINKASSE > SAVANES,POINT(-0.127504 11.110269),,,,,,,,,,,,True,,,,,,,,,,,,
703,121,94,Réalisation d'un forage photovoltaïque  pour maraicher,Forages photovoltaïques pour les activités maraîchères,Subproject,Eau–Hydraulique,Construction,COMPOSANTE 1.1,COSO,Banque Mondiale,Réception définitive 100.0%,Réception définitive,60.0,100.0,20000000.0,14445418.0,14445418.0,,354000.0,2023-06-30,,,,,2023-02-22,2023-07-04,3.0,2023-10-02,2024-12-02,,2024-12-03,2026-01-08,False,3,0.0,1,1254.0,555.0,953.0,True,True,True,True,2025-01-21,16.0,56.0,72.0,3,3930; 3931; 3932,[],,False,Maire,,FONWORGOU,0.0,0.0,FONWORGOU > NADJOUNDI > CINKASSE 2 > CINKASSE > SAVANES,POINT(0.0 0.0),,,,,,,,,,,1000.0,True,,,,,,,,,,,,
706,124,96,Construction d'un centre communautaire avec charpente métallique + dallot ,Forage Photovoltaïque (Centre communautaire),Infrastructure,Eau–Hydraulique,Construction,COMPOSANTE 1.1,COSO,Banque Mondiale,Réception définitive 100.0%,Réception définitive,100.0,100.0,20000000.0,15334383.0,15334383.0,,,2023-06-20,,,,,2023-02-22,2023-06-26,3.0,2023-09-24,2024-07-11,,2024-10-02,2025-07-03,False,3,0.0,1,1894.0,735.0,1259.0,True,,True,True,2024-04-02,44.0,25.0,69.0,4,2055; 3945; 3946; 3947,[],True,False,Maire,,NADJOUNDI CENTRE,0.0,0.0,NADJOUNDI CENTRE > NADJOUNDI > CINKASSE 2 > CINKASSE > SAVANES,POINT(0.0 0.0),705.0,,,,,,,,,,,True,,,,,,,,,,,,
712,130,100,Construction d'un bâtiment scolaire de trois classes avec bureau et magasin à l'EPP Timangue,Forages photovoltaïques dans les établissements scolaires,Infrastructure,Eau–Hydraulique,Construction,COMPOSANTE 1.1,COSO,Banque Mondiale,Remise de l'ouvrage à la communauté 100.0%,Réception définitive,100.0,100.0,20000000.0,15765083.0,15765083.0,,,2023-06-20,,,,,2023-02-22,2023-06-26,3.0,2023-09-24,2024-11-28,2024-11-19,2024-12-03,2025-12-24,False,3,0.0,1,1586.0,786.0,840.0,True,,True,True,2024-03-06,58.0,27.0,85.0,2,2061; 2065,[],True,False,Maire,,TIMANGUE (NADJOUNDI),0.0,0.0,TIMANGUE (NADJOUNDI) > NADJOUNDI > CINKASSE 2 > CINKASSE > SAVANES,POINT(0.0 0.0),711.0,,,,,,,,,,,True,,,,,,,,,,,,
717,135,104,Construction d'un bâtiment scolaire de trois classes avec bureau et magasin et deux blocs de latrines à l’EPP + forage photovoltaïque,Forages photovoltaïques dans les établissements scolaires,Infrastructure,Eau–Hydraulique,Construction,COMPOSANTE 1.1,COSO,Banque Mondiale,Remise de l'ouvrage à la communauté 100.0%,Réception définitive,0.0,100.0,20000000.0,12329570.0,12329570.0,,,2024-01-18,,,,,2023-02-22,2024-01-18,3.0,2024-04-11,2024-04-03,2024-04-03,2024-04-11,2025-06-25,False,3,0.0,1,520.0,240.0,280.0,True,True,True,True,2025-02-10,17.0,55.0,72.0,1,3909,[],,False,Chef Canton,,NAMOUDJOATE 2,0.0,0.0,NAMOUDJOATE 2 > SAM-NABA > CINKASSE 2 > CINKASSE > SAVANES,POINT(0.0 0.0),716.0,,,,,,,,,,583.0,True,,,,,,,,,,,,
720,138,106,Construction d'un centre communautaire avec charpente métallique + forage photovoltaïque à PIZOSKO,Forage Photovoltaïque (Centre communautaire),Infrastructure,Eau–Hydraulique,Construction,COMPOSANTE 1.1,COSO,Banque Mondiale,Réception définitive 100.0%,Réception définitive,100.0,100.0,20000000.0,12351990.0,12351990.0,,,2024-01-15,,,,,2023-02-22,2024-01-16,3.0,2024-04-11,2024-04-03,2024-06-10,2024-04-11,2025-06-25,False,3,0.0,1,585.0,225.0,350.0,True,,True,True,2024-10-14,26.0,78.0,104.0,1,3911,[],True,False,Maire,,PIZOSKO,0.0,0.0,PIZOSKO > SAM-NABA > CINKASSE 2 > CINKASSE > SAVANES,POINT(0.0 0.0),719.0,63.8,3.3,,,,,,,,,True,,,,,,,,,,,,
722,140,108,Réalisation d'un forage photovoltaïque pour maraîchage,Forages photovoltaïques pour les activités maraîchères,Subproject,Eau–Hydraulique,Construction,COMPOSANTE 1.1,COSO,Banque Mondiale,Remise de l'ouvrage à la communauté 100.0%,Réception définitive,100.0,100.0,20000000.0,12329570.0,12329570.0,,164000.0,2024-01-15,,,,,2023-02-22,2024-01-19,3.0,2024-04-10,2024-04-03,2024-04-02,2024-04-11,2025-06-25,False,3,0.0,1,372.0,179.0,193.0,True,True,True,,2024-07-06,34.0,98.0,132.0,2,3912; 3913,[],,False,Chef village,,WAMBAGOU,0.0,0.0,WAMBAGOU > SAM-NABA > CINKASSE 2 > CINKASSE > SAVANES,POINT(0.0 0.0),,,,,,,,,,,200.0,,,,,,,,,,,,,
723,141,109,Réalisation d'un forage photovoltaïque ,Forages photovoltaïques dans les communautés pour eau de boisson,Subproject,Eau–Hydraulique,Construction,COMPOSANTE 1.1,COSO,Banque Mondiale,Remise de l'ouvrage à la communauté 100.0%,Réception définitive,100.0,100.0,20000000.0,13679136.0,13679136.0,,240000.0,2023-03-03,,,,,2022-10-28,2023-03-10,3.0,2023-06-24,2023-11-23,,2023-11-23,2025-04-17,False,1,0.0,1,995.0,422.0,573.0,True,True,True,True,2024-02-29,24.0,77.0,101.0,1,2088,[],True,False,Maire,,DATOULONTE (TIMBOU),10.989956,0.141467,DATOULONTE (TIMBOU) > TIMBOU > CINKASSE 2 > CINKASSE > SAVANES,POINT(0.141467 10.989956),,6.7,7.0,,,,,,,,950.0,,,,,,,,,,,,,
725,143,110,Construction d'un Bâtiment scolaire de 3 classes avec bureau et magasin + 2 Blocs de Latrines à l'EPP + forage photovoltaïque,Forages photovoltaïques dans les communautés pour eau de boisson,Infrastructure,Eau–Hydraulique,Construction,COMPOSANTE 1.1,COSO,Banque Mondiale,Réception provisoire 100.0%,Réception provisoire,0.0,100.0,20000000.0,13896199.0,13896199.0,,,2025-11-07,,,,,2022-10-28,2025-11-12,3.0,2026-02-12,2026-02-17,2026-02-17,2026-02-17,,False,1,0.0,1,455.0,105.0,350.0,True,,,True,,,,,1,2089,[],,False,,,DJALOTOUGOU,,,DJALOTOUGOU > TIMBOU > CINKASSE 2 > CINKASSE > SAVANES,,724.0,,,,,,,,,,,,,,,,,,,,,,,
727,145,112,Réalisation d'un forage photovoltaïque pour eau de boisson,Forages photovoltaïques dans les communautés pour eau de boisson,Subproject,Eau–Hydraulique,Construction,COMPOSANTE 1.1,COSO,Banque Mondiale,Remise de l'ouvrage à la communauté 100.0%,Réception définitive,100.0,100.0,20000000.0,18355706.0,18355706.0,,250000.0,2023-03-08,,,,,2022-10-28,2023-03-22,3.0,2023-06-22,2023-08-16,2023-08-16,2023-08-16,2025-03-20,False,1,0.0,1,941.0,379.0,562.0,True,True,True,,2024-02-28,16.0,53.0,69.0,1,3853,[],True,False,Maire,,KALAGOU (TIMBOU),0.0,0.0,KALAGOU (TIMBOU) > TIMBOU > CINKASSE 2 > CINKASSE > SAVANES,POINT(0.0 0.0),,72.29,5.0,,,,,,,,941.0,True,,,,,,,,,,,,
728,146,113,Réalisation d'un forage photovoltaïque ,Forages photovoltaïques dans les communautés pour eau de boisson,Subproject,Eau–Hydraulique,Construction,COMPOSANTE 1.1,COSO,Banque Mondiale,Remise de l'ouvrage à la communauté 100.0%,Réception définitive,100.0,100.0,20000000.0,19699425.0,19699425.0,,275000.0,2023-03-08,,,,,2022-10-28,2023-03-22,3.0,2023-06-22,2023-09-14,2023-09-07,2023-09-14,2025-07-08,False,1,0.0,1,480.0,216.0,264.0,True,True,True,True,2024-03-07,28.0,51.0,79.0,1,3847,[],True,False,Maire,,KALKANTINDE,0.0,0.0,KALKANTINDE > TIMBOU > CINKASSE 2 > CINKASSE > SAVANES,POINT(0.0 0.0),,60.0,11.0,,,,,,,,480.0,,,,,,,,,,,,,
730,148,114,"Construction et équipement d'un Bâtiment scolaire de 4 classes avec bureau et magasin, charpente métallique + 2 Blocs de latrines et Forage photovoltaïque  au CEG",Forages photovoltaïques dans les établissements scolaires,Infrastructure,Eau–Hydraulique,Construction,COMPOSANTE 1.1,COSO,Banque Mondiale,Réception définitive 100.0%,Réception définitive,100.0,100.0,20000000.0,14123514.0,18489514.0,,,2023-03-20,,4366000.0,,,2022-10-28,2023-04-03,3.0,2023-07-03,2023-08-22,,2023-08-22,2025-04-24,False,1,0.0,1,461.0,174.0,180.0,True,,,True,2024-03-08,26.0,95.0,121.0,1,2095,[],True,False,Maire,Analyse de sous détails en cours,KPALMATONGUE CENTRE,0.0,0.0,KPALMATONGUE CENTRE > TIMBOU > CINKASSE 2 > CINKASSE > SAVANES,POINT(0.0 0.0),729.0,,,,,,,,,,,,,,,,,,,,,,,
734,152,117,Réalisation d'un forage photovoltaïque,Forages photovoltaïques dans les communautés pour eau de boisson,Subproject,Eau–Hydraulique,Construction,COMPOSANTE 1.1,COSO,Banque Mondiale,Remise de l'ouvrage à la communauté 100.0%,Réception définitive,100.0,100.0,20000000.0,17536957.0,17536957.0,,150000.0,2023-03-08,,,,,2022-10-28,2023-03-22,3.0,2023-06-22,2023-12-27,,2023-12-27,2025-04-29,False,1,0.0,1,2000.0,400.0,1600.0,True,,True,,2024-04-03,57.0,63.0,120.0,2,2107; 2108,[],,False,Maire,,NANLONGUE 1,0.0,0.0,NANLONGUE 1 > TIMBOU > CINKASSE 2 > CINKASSE > SAVANES,POINT(0.0 0.0),,3.2,3.2,,,,,,,,756.0,,,,,,,,,,,,,
735,153,118,Réalisation d'un forage photovoltaïque ,Forages photovoltaïques dans les communautés pour eau de boisson,Subproject,Eau–Hydraulique,Construction,COMPOSANTE 1.1,COSO,Banque Mondiale,Remise de l'ouvrage à la communauté 100.0%,Réception définitive,100.0,100.0,20000000.0,18123535.0,18123535.0,,195000.0,2023-03-08,,,,,2022-10-28,2023-03-22,3.0,2023-06-22,2023-08-17,,2023-08-17,2025-03-20,False,1,0.0,1,690.0,290.0,400.0,True,True,True,True,2024-03-08,42.0,101.0,143.0,1,2105,[],,False,Maire,,NAMBUITITE TIMBOU,11.033372,0.070502,NAMBUITITE TIMBOU > TIMBOU > CINKASSE 2 > CINKASSE > SAVANES,POINT(0.070502 11.033372),,110.29,5.0,,,,,,,,690.0,True,,,,,,,,,,,,
737,155,120,Réalisation d'un forage photovoltaïque ,Forages photovoltaïques dans les communautés pour eau de boisson,Subproject,Eau–Hydraulique,Construction,COMPOSANTE 1.1,COSO,Banque Mondiale,Remise de l'ouvrage à la communauté 100.0%,Réception définitive,100.0,100.0,20000000.0,17272439.0,17272439.0,,75000.0,2023-03-08,,,,,2022-10-28,2023-03-22,3.0,2023-06-22,2023-08-07,,2023-08-07,2025-03-19,False,1,0.0,1,385.0,160.0,225.0,True,True,True,,2024-03-21,11.0,50.0,61.0,2,2085; 3860,[],True,False,Maire,"Prof: 77,96  m débit  : 11 m3/h",NASSABLE 1,0.0,0.0,NASSABLE 1 > TIMBOU > CINKASSE 2 > CINKASSE > SAVANES,POINT(0.0 0.0),,11.28,11.0,,,,,,,,356.0,True,,,,,,,,,,,,
738,156,121,Réalisation d'un forage photovoltaïque ,Forages photovoltaïques dans les communautés pour eau de boisson,Subproject,Eau–Hydraulique,Construction,COMPOSANTE 1.1,COSO,Banque Mondiale,Remise de l'ouvrage à la communauté 100.0%,Réception définitive,100.0,100.0,20000000.0,17272439.0,17272439.0,,352000.0,2023-03-08,,,,,2022-10-28,2023-03-22,3.0,2023-06-22,2023-08-07,,2023-08-07,2025-03-18,False,1,0.0,1,1068.0,445.0,623.0,True,True,True,True,2024-03-06,16.0,61.0,77.0,1,2110,[],True,False,Maire,"Prof: 96,36 m débit  : 5,341 m3/h",PIZOSKE,0.0,0.0,PIZOSKE > TIMBOU > CINKASSE 2 > CINKASSE > SAVANES,POINT(0.0 0.0),,5.34,5.0,,,,,,,,300.0,True,,,,,,,,,,,,
739,157,122,Construction d'un Bâtiment scolaire de 3 classes avec bureau et magasin + 2 Blocs de Latrines +forage à l'EPP,Forages photovoltaïques dans les établissements scolaires,Subproject,Eau–Hydraulique,Construction,COMPOSANTE 1.1,COSO,Banque Mondiale,Réception définitive 100.0%,Réception définitive,100.0,100.0,20000000.0,17272439.0,17272439.0,,482000.0,2023-03-08,,,,,2022-10-28,2023-03-22,3.0,2023-06-22,2023-08-07,,2023-08-07,2025-03-18,False,1,0.0,1,591.0,188.0,403.0,True,True,True,True,2024-03-06,42.0,82.0,124.0,1,2092,[],True,False,Maire,"Prof: 82,5 m débit  : 16 m3/h",SAFOBE 1,0.0,0.0,SAFOBE 1 > TIMBOU > CINKASSE 2 > CINKASSE > SAVANES,POINT(0.0 0.0),,49.0,16.36,,,,,,,,1000.0,True,,,,,,,,,,,,
743,161,124,Réalisation d'un forage photovoltaïque ,Forages photovoltaïques dans les communautés pour eau de boisson,Subproject,Eau–Hydraulique,Construction,COMPOSANTE 1.1,COSO,Banque Mondiale,Remise de l'ouvrage à la communauté 100.0%,Réception définitive,100.0,100.0,20000000.0,17336357.0,17336357.0,,120000.0,2023-08-23,,,,,2022-10-28,2023-04-06,3.0,2023-07-06,2023-08-23,,2023-08-23,2025-03-19,False,1,0.0,1,1361.0,616.0,745.0,True,True,True,True,2024-03-08,28.0,88.0,116.0,2,2113; 3861,[],,False,Maire,,SOUKOUDOUME FOFANA,0.0,0.0,SOUKOUDOUME FOFANA > TIMBOU > CINKASSE 2 > CINKASSE > SAVANES,POINT(0.0 0.0),,8.0,,,,,,,,,1238.0,True,,,,,,,,,,,,
746,164,127,Réalisation d'un forage photovoltaïque,Forages photovoltaïques dans les communautés pour eau de boisson,Subproject,Eau–Hydraulique,Construction,COMPOSANTE 1.1,COSO,Banque Mondiale,Remise de l'ouvrage à la communauté 100.0%,Réception définitive,100.0,100.0,20000000.0,17702157.0,17702157.0,,250000.0,2023-03-08,,,,,2022-10-28,2023-03-22,3.0,2023-06-22,2023-08-24,,2023-08-24,2025-04-29,False,1,0.0,1,689.0,284.0,325.0,True,True,True,,2024-03-20,31.0,107.0,138.0,2,3858; 3859,[],,False,Maire,,TAMONDJOARE 1 (TIMBOU),0.0,0.0,TAMONDJOARE 1 (TIMBOU) > TIMBOU > CINKASSE 2 > CINKASSE > SAVANES,POINT(0.0 0.0),,110.4,,,,,,,,,609.0,,,,,,,,,,,,,
747,165,128,Réalisation d'un forage photovoltaïque pour eau de boisson,Forages photovoltaïques dans les communautés pour eau de boisson,Subproject,Eau–Hydraulique,Construction,COMPOSANTE 1.1,COSO,Banque Mondiale,Remise de l'ouvrage à la communauté 100.0%,Réception définitive,100.0,100.0,20000000.0,15844577.0,15844577.0,,250000.0,2023-06-20,,,,,2022-10-28,2023-06-27,3.0,2023-06-22,2023-12-27,2023-12-20,2023-12-27,2025-02-14,False,1,0.0,1,778.0,120.0,137.0,True,,True,True,2024-02-29,24.0,61.0,85.0,1,2119,[],,False,Maire,Relance du processus,TCHIMBIANGBONGUE,0.0,0.0,TCHIMBIANGBONGUE > TIMBOU > CINKASSE 2 > CINKASSE > SAVANES,POINT(0.0 0.0),,,,,,,,,,,,,,,,,,,,,,,,
748,166,129,Réalisation d'un forage photovoltaïque,Forages photovoltaïques dans les communautés pour eau de boisson,Subproject,Eau–Hydraulique,Construction,COMPOSANTE 1.1,COSO,Banque Mondiale,Remise de l'ouvrage à la communauté 100.0%,Réception définitive,100.0,100.0,20000000.0,18275624.0,18275624.0,,261000.0,2022-12-16,,,2022-12-16,2022-12-16,2022-10-28,2023-03-16,3.0,2023-03-16,2023-05-19,2023-05-10,2023-05-19,2024-07-17,False,1,0.0,1,5.0,2.0,3.0,True,,True,True,2024-03-07,13.0,71.0,84.0,1,2120,[],,False,Maire,,TIMBOU CENTRE,0.0,0.0,TIMBOU CENTRE > TIMBOU > CINKASSE 2 > CINKASSE > SAVANES,POINT(0.0 0.0),,100.0,5.0,,,,,,,,970.0,True,,,200000.0,301333.0,2022-08-01,300000.0,,,,,,
749,167,130,Réalisation d'un forage photovoltaïque,Forages photovoltaïques dans les communautés pour eau de boisson,Subproject,Eau–Hydraulique,Construction,COMPOSANTE 1.1,COSO,Banque Mondiale,Remise de l'ouvrage à la communauté 100.0%,Réception définitive,100.0,100.0,20000000.0,18487817.0,18487817.0,,245000.0,2022-12-16,,,2022-12-16,2022-12-16,2022-10-28,2023-03-16,3.0,2023-03-16,2023-05-19,2023-05-10,2023-05-19,2024-07-17,False,1,0.0,1,872.0,432.0,440.0,True,,True,True,2024-03-14,24.0,61.0,85.0,1,2121,[],,False,Maire,,YIEGOU (TIMBOU),0.0,0.0,YIEGOU (TIMBOU) > TIMBOU > CINKASSE 2 > CINKASSE > SAVANES,POINT(0.0 0.0),,100.0,9.0,,,,2024-07-17,,,,872.0,,,,200000.0,301333.0,2022-08-01,300000.0,,,,,,
750,168,131,Réalisation d'un forage photovoltaïque ,Forages photovoltaïques dans les communautés pour eau de boisson,Subproject,Eau–Hydraulique,Construction,COMPOSANTE 1.1,COSO,Banque Mondiale,Remise de l'ouvrage à la communauté 100.0%,Réception définitive,100.0,100.0,20000000.0,14418514.0,14418514.0,,255000.0,2023-03-16,,,,,2022-10-28,2023-03-30,3.0,2023-06-30,2023-08-17,2023-08-16,2023-08-17,2025-04-29,False,1,0.0,1,626.0,380.0,246.0,True,True,True,,2024-03-06,27.0,85.0,112.0,1,3854,[],True,False,Maire,Géophysique,YOABOUANI,0.0,0.0,YOABOUANI > TIMBOU > CINKASSE 2 > CINKASSE > SAVANES,POINT(0.0 0.0),,33.68,6.0,,,,,,,,626.0,True,,,,,,,,,,,,
754,172,134,Construction d'un bâtiment scolaire de trois classes + bureau et magasin + forage photovoltaïque à EPP Djabdjoare 2 ,Forages photovoltaïques dans les établissements scolaires,Infrastructure,Eau–Hydraulique,Construction,COMPOSANTE 1.1,COSO,Banque Mondiale,Réception provisoire 100.0%,Réception provisoire,0.0,100.0,20000000.0,20176702.0,20176702.0,,,2025-02-20,,,,,2023-02-22,2025-03-07,3.0,2025-06-07,2025-08-11,2025-08-14,2025-08-21,,False,2,0.0,1,1148.0,498.0,650.0,True,,True,True,,,,,1,2132,[],,False,,,DJABDJOARE 2,0.0,0.0,DJABDJOARE 2 > KOUNDJOARE > KPENDJAL 1 > KPENDJAL > SAVANES,POINT(0.0 0.0),753.0,,,,,,,,,,1148.0,,,,,,,,,,,,,
756,174,136,Réalisation d’un forage photovoltaïque pour maraîchage,Forages photovoltaïques pour les activités maraîchères,Subproject,Eau–Hydraulique,Construction,COMPOSANTE 1.1,COSO,Banque Mondiale,Réception provisoire 100.0%,Réception provisoire,100.0,100.0,20000000.0,23758085.0,23758085.0,,,2025-02-24,,,,,2023-02-22,2025-03-06,3.0,2025-06-06,2025-08-11,2025-10-14,2025-10-24,,False,2,0.0,1,994.0,469.0,525.0,True,True,True,True,2025-10-29,35.0,42.0,77.0,1,2138,[],,False,,,GNANLE,,,GNANLE > KOUNDJOARE > KPENDJAL 1 > KPENDJAL > SAVANES,,,,,,,,,,,,,,,,,,,,,,,,,
762,180,141,Construction d'un bâtiment scolaire de trois classes + bureau et magasin + forage photovoltaïque à EPP Tomole,Forages photovoltaïques dans les établissements scolaires,Infrastructure,Eau–Hydraulique,Construction,COMPOSANTE 1.1,COSO,Banque Mondiale,Réception provisoire 100.0%,Réception provisoire,0.0,100.0,20000000.0,20176702.0,20176702.0,,,2025-02-20,,,,,2023-02-22,2025-03-20,3.0,2025-06-07,2025-08-14,2025-08-14,2025-08-21,,False,2,0.0,1,411.0,191.0,220.0,True,,True,True,,,,,1,3882,[],,False,,,TOMONLE,10.884821,0.669152,TOMONLE > KOUNDJOARE > KPENDJAL 1 > KPENDJAL > SAVANES,POINT(0.669152 10.884821),761.0,70.0,6.13,,,,,,,,,,,,,,,,,,,,,
770,188,148,Construction d’un centre communautaire à Mandouri Centre + forage photovoltaïque,Forage Photovoltaïque (Centre communautaire),Infrastructure,Eau–Hydraulique,Construction,COMPOSANTE 1.1,COSO,Banque Mondiale,Réception définitive 100.0%,Réception définitive,0.0,100.0,20000000.0,11751680.0,11751680.0,,,2024-01-18,,,,,2023-02-22,2024-01-23,3.0,,2024-06-19,,2024-07-03,2025-08-28,False,2,0.0,1,6700.0,2000.0,4700.0,,,,,2025-03-25,110.0,90.0,200.0,1,4003,[],,False,,,MANDOURI CENTRE,10.846096,0.817863,MANDOURI CENTRE > MANDOURI > KPENDJAL 1 > KPENDJAL > SAVANES,POINT(0.817863 10.846096),769.0,,,,,,,,,,,,,,,,,,,,,,,
783,201,160,Construction et équipement d’un Centre Communautaire à Papri centre + forage photovoltaïque,Forage Photovoltaïque (Centre communautaire),Infrastructure,Eau–Hydraulique,Construction,COMPOSANTE 1.1,COSO,Banque Mondiale,Remise de l'ouvrage à la communauté 100.0%,Réception provisoire,100.0,100.0,20000000.0,12343730.0,12343730.0,,190000.0,2024-01-15,,,,,2023-02-22,2024-01-18,3.0,2024-04-15,2024-04-03,,2024-04-11,,True,2,0.0,1,1813.0,719.0,1094.0,True,True,True,True,2024-10-31,32.0,117.0,149.0,1,3985,[],,False,Maire,,PAPRI-CENTRE,0.0,0.0,PAPRI-CENTRE > PAPRI > KPENDJAL OUEST 2 > KPENDJAL OUEST > SAVANES,POINT(0.0 0.0),782.0,54.9,12.0,,,,,,,,,,,,,,,,,,,,,
792,210,168,Construction et équipement d’un Centre Communautaire à Pogno-centre + forage photovoltaïque,Forage Photovoltaïque (Centre communautaire),Infrastructure,Eau–Hydraulique,Construction,COMPOSANTE 1.1,COSO,Banque Mondiale,Remise de l'ouvrage à la communauté 100.0%,Réception définitive,100.0,100.0,20000000.0,13840268.0,27680536.0,,30000.0,2024-01-29,,13840268.0,,,2023-02-22,2024-02-10,3.0,2025-05-09,2024-04-13,,2024-04-24,2025-06-05,True,2,0.0,1,4453.0,1718.0,2735.0,,,,True,2024-10-18,21.0,52.0,73.0,1,2395,[],,False,,,POGNO CENTRE,0.0,0.0,POGNO CENTRE > POGNO > KPENDJAL OUEST 2 > KPENDJAL OUEST > SAVANES,POINT(0.0 0.0),791.0,,,,,,,,,,,True,,,,,,,,,,,,
802,220,176,Electrification (installation des lampadaires solaires,Forages photovoltaïques dans les communautés pour eau de boisson,Subproject,Eau–Hydraulique,Construction,COMPOSANTE 1.1,COSO,Banque Mondiale,Réception provisoire 100.0%,Réception provisoire,0.0,100.0,22773165.0,14291152.0,14291152.0,,,2025-02-19,,,,,2023-02-22,2025-02-25,3.0,2025-05-25,2025-05-23,2025-06-03,2025-06-19,,False,3,0.0,1,186.0,83.0,103.0,True,,True,True,2025-11-05,22.0,84.0,106.0,3,3175; 3958; 3959,[],,False,,,TALGUIMBOUNTE 1,0.0,0.0,TALGUIMBOUNTE 1 > KOURIENTRE > TONE 1 > TONE > SAVANES,POINT(0.0 0.0),,,,,,,,,,,500.0,,,,,,,,,,,,,
818,236,191,Construction d'un Bâtiment scolaire de 3 salles de classe avec bureau et magasin clôturé plus deux blocs de latrine,Forages photovoltaïques dans les établissements scolaires,Infrastructure,Eau–Hydraulique,Construction,COMPOSANTE 1.1,COSO,Banque Mondiale,Réception définitive 100.0%,Réception définitive,60.0,100.0,20000000.0,7962981.0,7962981.0,,,2024-10-02,,,,,2023-02-22,2024-10-02,2.0,2024-12-02,2024-11-20,2024-11-20,2024-12-05,2025-12-10,True,2,0.0,1,467.0,10.0,20.0,True,True,True,,2024-03-16,53.0,94.0,147.0,1,3987,[],,False,Maire,,DJANKOGUE,0.0,0.0,DJANKOGUE > KORBONGOU > TONE 4 > TONE > SAVANES,POINT(0.0 0.0),817.0,,,,,,,,,,,,,,,,,,,,,,,
820,238,192,Construction et équipement d'un bâtiment scolaire de 03 classes avec un bureau- magasin + 2 blocs de latrines + forages photovoltaïques à EPP Djapiebagou,Forages photovoltaïques dans les communautés pour eau de boisson,Infrastructure,Eau–Hydraulique,Construction,COMPOSANTE 1.1,COSO,Banque Mondiale,Réception provisoire 100.0%,Réception provisoire,0.0,100.0,20000000.0,15144852.0,15144852.0,,,2025-02-28,,,,,2023-02-22,2025-03-06,3.0,2025-06-05,2025-06-23,2025-06-25,2025-06-25,,False,2,0.0,1,380.0,128.0,252.0,True,True,True,,2024-04-05,47.0,70.0,117.0,1,3698,[],,False,Aucun,,DJAPIEMBAGOU,0.0,0.0,DJAPIEMBAGOU > KORBONGOU > TONE 4 > TONE > SAVANES,POINT(0.0 0.0),819.0,,,,,,,,,,380.0,,,,,,,,,,,,,
846,264,213,Construction d'un centre communautaire à NALI ANGOH,Forage Photovoltaïque (Centre communautaire),Infrastructure,Eau–Hydraulique,Construction,COMPOSANTE 1.1,COSO,Banque Mondiale,Remise de l'ouvrage à la communauté 100.0%,Réception provisoire,100.0,100.0,20000000.0,17001031.0,17001031.0,250000.0,230000.0,2024-05-03,,,,,2023-09-08,2024-06-06,3.0,2024-08-06,2024-09-24,2025-01-02,2025-01-15,2025-01-15,True,4,0.0,1,942.0,440.0,502.0,True,True,True,True,,,,,1,4067,[],True,False,Niveau Maire,,NALI ANGOH,10.0454774,0.4536523,NALI ANGOH > NALI > OTI SUD 2 > OTI SUD > SAVANES,POINT(0.4536523 10.0454774),845.0,156.0,2.2,,,,,,,,,,,,,,,,,,,,,
853,271,219,"Construction d'un bâtiment scolaire de 03 salles de classes, un bureau- magasin équipement en table banc et mobilier de bureau avec forage",Forages photovoltaïques dans les établissements scolaires,Infrastructure,Eau–Hydraulique,Construction,COMPOSANTE 1.1,COSO,Banque Mondiale,Réception provisoire 100.0%,Réception provisoire,0.0,100.0,20000000.0,17474744.0,17474744.0,,,2024-05-11,,,,,2023-09-08,2024-12-20,3.0,2025-03-22,2025-04-05,2025-04-05,2025-04-18,,False,4,0.0,1,1900.0,760.0,1140.0,True,True,True,True,,,,,1,2665,[],,False,,,SIMBO,,,SIMBO > TCHAMONGA > OTI SUD 1 > OTI SUD > SAVANES,,852.0,,,,,,,,,,,,,,,,,,,,,,,
856,274,221,Construction d'un centre communautaire à TCHAMONGA CENTRE,Forage Photovoltaïque (Centre communautaire),Infrastructure,Eau–Hydraulique,Construction,COMPOSANTE 1.1,COSO,Banque Mondiale,Réception définitive 100.0%,Réception définitive,100.0,100.0,20000000.0,17999527.0,17999527.0,,240000.0,2024-05-22,,,,,2023-09-08,2024-06-05,3.0,2025-01-31,2025-02-07,2025-01-14,2025-02-07,2026-03-12,False,4,0.0,1,2156.0,1013.0,1143.0,,True,True,True,,,,,2,4042; 4043,[],True,False,Chef Canton,,TCHAMONGA CENTRE,,,TCHAMONGA CENTRE > TCHAMONGA > OTI SUD 1 > OTI SUD > SAVANES,,855.0,90.2,,,,,,,,,6000.0,,,,,,,,,,,,,
858,276,223,Installation d'un forage photovoltaïque pour le maraichage,Forages photovoltaïques pour les activités maraîchères,Subproject,Eau–Hydraulique,Construction,COMPOSANTE 1.1,COSO,Banque Mondiale,Réception définitive 100.0%,Réception définitive,0.0,100.0,20000000.0,17144330.0,17144330.0,,90000.0,2024-05-22,,,,,2023-09-08,2024-06-05,3.0,2025-01-31,2025-01-21,2025-01-21,2025-02-07,2026-03-12,False,4,0.0,1,814.0,386.0,428.0,True,True,,True,,,,,1,2668,[],,False,,,TOPIENGA,,,TOPIENGA > TCHAMONGA > OTI SUD 1 > OTI SUD > SAVANES,,,,,,,,,,,,400.0,,,,,,,,,,,,,
859,277,224,Installation d'un forage photovoltaïque pour le maraichage,Forages photovoltaïques pour les activités maraîchères,Subproject,Eau–Hydraulique,Construction,COMPOSANTE 1.1,COSO,Banque Mondiale,Remise de l'ouvrage à la communauté 100.0%,Réception provisoire,100.0,100.0,20000000.0,16801257.0,16801257.0,250000.0,235000.0,2024-05-22,2025-03-21,3923500.0,,,2023-09-08,2024-06-05,3.0,2025-01-31,2024-12-30,2025-01-15,2025-01-22,2025-01-22,True,4,0.0,1,628.0,251.0,377.0,True,True,True,True,2025-05-20,49.0,59.0,108.0,1,4044,[],,False,,,KARKOU,10.48327,0.7693367,KARKOU > TCHAMONGA > OTI SUD 1 > OTI SUD > SAVANES,POINT(0.7693367 10.48327),,55.56,7.2,,,,,,,,500.0,,,,,,,,,,,,,
860,278,225,Installation d'un forage photovoltaïque pour le maraichage,Forages photovoltaïques pour les activités maraîchères,Subproject,Eau–Hydraulique,Construction,COMPOSANTE 1.1,COSO,Banque Mondiale,Remise de l'ouvrage à la communauté 100.0%,Réception provisoire,100.0,100.0,20000000.0,16765857.0,16765857.0,,280000.0,2024-05-22,,,,,2023-09-08,2024-06-05,3.0,2025-01-31,2025-01-22,2025-01-14,2025-01-22,2025-02-20,False,4,0.0,1,498.0,220.0,278.0,True,True,True,True,2025-05-20,49.0,59.0,108.0,1,2667,[],,False,Chef Canton,,TODJAKOU,,,TODJAKOU > TCHAMONGA > OTI SUD 1 > OTI SUD > SAVANES,,,110.07,2.5,,,,,,,,5000.0,,,,,,,,,,,,,
861,279,226,Installation d'un forage photovoltaïque pour le maraichage,Forages photovoltaïques pour les activités maraîchères,Subproject,Eau–Hydraulique,Construction,COMPOSANTE 1.1,COSO,Banque Mondiale,Remise de l'ouvrage à la communauté 100.0%,Réception provisoire,100.0,100.0,20000000.0,16842557.0,16842557.0,250000.0,165000.0,2024-05-22,2025-03-21,3923500.0,,,2023-09-08,2024-05-30,3.0,2025-01-31,2024-12-30,2025-01-14,2025-01-22,2025-01-22,True,4,0.0,1,2168.0,1025.0,1143.0,True,True,True,True,2025-05-21,42.0,60.0,102.0,1,2656,[],,False,Niveau Maire,,IBASSANDJA,10.4859533,0.7485683,IBASSANDJA > TCHAMONGA > OTI SUD 1 > OTI SUD > SAVANES,POINT(0.7485683 10.4859533),,110.2,2.7,,,,,,,,2168.0,,,,,,,,,,,,,
862,280,227,Installation d'un forage photovoltaïque pour le maraichage,Forages photovoltaïques pour les activités maraîchères,Subproject,Eau–Hydraulique,Construction,COMPOSANTE 1.1,COSO,Banque Mondiale,Réception provisoire 100.0%,Réception provisoire,0.0,100.0,20000000.0,16952659.0,16952659.0,,120000.0,2024-05-27,,,,,2023-09-08,2024-06-05,3.0,2025-01-30,2025-01-21,2025-01-21,2025-02-07,,False,4,0.0,1,1340.0,620.0,720.0,,,,,,,,,1,2658,[],,False,,,KOROKOU,,,KOROKOU > TCHAMONGA > OTI SUD 1 > OTI SUD > SAVANES,,,,,,,,,,,,,,,,,,,,,,,,,
866,284,230,1-Construction d'un bâtiment scolaire de 3 classes avec bureau et latrines  à l'EPP Nakpabak B (lieu-dit Sibiogue): sous projet porté par le CVD DE Sibiogue et soutenu par le CVD de Pokenyète,Forages photovoltaïques dans les établissements scolaires,Infrastructure,Eau–Hydraulique,Construction,COMPOSANTE 1.1,COSO,Banque Mondiale,Réception définitive 100.0%,Réception définitive,0.0,100.0,20000000.0,18000963.0,18000963.0,,,2024-05-20,,,,,2023-09-08,2024-05-31,3.0,2024-08-01,2024-08-26,,2024-08-28,2025-09-25,False,4,0.0,1,600.0,295.0,312.0,True,,,,2024-11-27,20.0,75.0,95.0,1,4224,[],,False,Maire,,SIBIOGUE,10.771387,0.091253,SIBIOGUE > TAMPIALIME > TANDJOUARE 2 > TANDJOUARE > SAVANES,POINT(0.091253 10.771387),865.0,110.0,5.0,,,,,,,,,,,,,,,,,,,,,
870,288,233,"construction et équipement d'un batiment scolaire de 4 classes avec bureau, latrines et forage au CEG Kpinkparbagou",Forages photovoltaïques dans les établissements scolaires,Infrastructure,Eau–Hydraulique,Construction,COMPOSANTE 1.1,COSO,Banque Mondiale,Réception définitive 100.0%,Réception définitive,0.0,100.0,20000000.0,16599390.0,16599390.0,250000.0,250000.0,2024-05-20,,,2024-06-18,,2023-09-08,2024-05-31,3.0,2024-08-01,2024-09-23,,2024-10-09,2026-01-29,True,4,0.0,1,1191.0,225.0,714.0,True,True,True,True,2024-11-29,31.0,52.0,83.0,2,4210; 4211,[],True,False,Maire,,KPINKPARBAGOU 1,10.76495,-0.035277,KPINKPARBAGOU 1 > TAMPIALIME > TANDJOUARE 2 > TANDJOUARE > SAVANES,POINT(-0.035277 10.76495),869.0,91.87,7.0,,,,,,,,1191.0,,,,,,,,,,,,,
874,292,236,Construction d'un centre communautaire à Babona,Forage Photovoltaïque (Centre communautaire),Infrastructure,Eau–Hydraulique,Construction,COMPOSANTE 1.1,COSO,Banque Mondiale,Réception définitive 100.0%,Réception définitive,0.0,100.0,20000000.0,18046472.0,18046472.0,,250000.0,2024-05-21,,,,,2023-09-08,2024-06-03,3.0,2024-09-30,2024-08-26,,2024-08-28,2025-09-25,False,4,0.0,1,1846.0,744.0,1109.0,True,,True,True,2025-07-30,12.0,31.0,43.0,4,4195; 4196; 4197; 4198,[],,False,,,TAMPIALIME CENTRE 2,,,TAMPIALIME CENTRE 2 > TAMPIALIME > TANDJOUARE 2 > TANDJOUARE > SAVANES,,873.0,70.0,5.0,,,,,,,,,,,,,,,,,,,,,
875,293,237,Construction d'une forage photovoltaïque pour le marâichage et équipements maraîchers,Forages photovoltaïques pour les activités maraîchères,Subproject,Eau–Hydraulique,Construction,COMPOSANTE 1.1,COSO,Banque Mondiale,Réception provisoire 100.0%,Réception provisoire,0.0,100.0,20000000.0,16038177.0,16038177.0,,200000.0,2024-05-10,,,,,2023-06-19,2024-05-20,3.0,2024-08-01,2024-10-10,2024-10-10,2024-10-15,,False,4,0.0,1,1300.0,604.0,696.0,True,True,True,,2024-12-03,21.0,53.0,74.0,1,4218,[],,False,,,KOULMATIK-MIRE,10.77684,0.052255,KOULMATIK-MIRE > TAMPIALIME > TANDJOUARE 2 > TANDJOUARE > SAVANES,POINT(0.052255 10.77684),,75.0,2.0,,,,,,,,125.0,,,,,,,,,,,,,
876,294,238,Appui à la réalisation d'un forage photovoltaïque pour maraîchage,Forages photovoltaïques pour les activités maraîchères,Subproject,Eau–Hydraulique,Construction,COMPOSANTE 1.1,COSO,Banque Mondiale,Réception définitive 100.0%,Réception définitive,0.0,100.0,20000000.0,17553430.0,17553430.0,250000.0,75000.0,2024-05-21,,,,2024-06-18,2023-09-08,2024-05-25,3.0,2024-08-25,2024-08-26,,2024-08-28,2025-09-26,True,4,0.0,1,259.0,111.0,149.0,True,True,True,True,2024-11-02,41.0,54.0,95.0,1,4201,[],,False,Niveau chef village,,KPINKPARBAGOU 2,10.7588133,-0.0154217,KPINKPARBAGOU 2 > TAMPIALIME > TANDJOUARE 2 > TANDJOUARE > SAVANES,POINT(-0.0154217 10.7588133),,74.0,5.5,,,,,,,,,,,,,,,,,,,,,
877,295,239,Appui à la réalisation d'un forage photovoltaïque pour maraîchage,Forages photovoltaïques pour les activités maraîchères,Subproject,Eau–Hydraulique,Construction,COMPOSANTE 1.1,COSO,Banque Mondiale,Réception définitive 100.0%,Réception définitive,0.0,100.0,20000000.0,16952659.0,16952659.0,,50000.0,2024-05-10,,,,,2023-09-08,2024-05-20,3.0,2024-08-01,2024-11-01,2024-11-01,2024-11-28,2025-12-23,False,4,0.0,1,926.0,458.0,468.0,,,,,2024-12-02,17.0,73.0,90.0,1,4223,[],,False,,,PIABRIBAGOU,10.780718,0.127192,PIABRIBAGOU > TAMPIALIME > TANDJOUARE 2 > TANDJOUARE > SAVANES,POINT(0.127192 10.780718),,110.0,2.0,,,,,,,,926.0,,,,,,,,,,,,,
878,296,240,Appui à la réalisation d'un forage photovoltaïque équipé d'un système de pompage pour maraîchage et l'abreuvement des animaux,Forages photovoltaïques pour les activités maraîchères,Subproject,Eau–Hydraulique,Construction,COMPOSANTE 1.1,COSO,Banque Mondiale,Réception définitive 100.0%,Réception définitive,0.0,100.0,20000000.0,16969387.0,16969387.0,250000.0,250000.0,2024-05-13,,,,2024-06-20,2023-09-08,2024-06-03,3.0,2024-08-03,2024-08-26,,2024-09-19,2025-09-25,True,4,0.0,1,735.0,352.0,382.0,True,True,True,True,2024-04-14,57.0,63.0,120.0,2,4225; 4226,[],,False,Niveau chef canton,,NALONGUE 1,10.7307983,-0.0069233,NALONGUE 1 > TAMPIALIME > TANDJOUARE 2 > TANDJOUARE > SAVANES,POINT(-0.0069233 10.7307983),,79.65,3.0,,,,,,,,1000.0,,,,,,,,,,,,,
882,300,242,"ConstruCtion, et équipement d'un jardin d'enfants à l'EPP FAREO ",Forages photovoltaïques dans les établissements scolaires,Infrastructure,Eau–Hydraulique,Construction,COMPOSANTE 1.1,COSO,Banque Mondiale,Réception définitive 100.0%,Réception définitive,0.0,100.0,20000000.0,15165395.0,15165395.0,,250000.0,2024-05-14,,,,,2023-09-08,2024-06-06,3.0,2024-07-13,2024-08-18,,2025-01-09,2026-03-25,True,4,0.0,1,1156.0,566.0,590.0,,,,,,,,,1,2434,[],,False,,,FAREO,,,FAREO > FARE > OTI 1 > OTI > SAVANES,,881.0,,,,,,,,,,,,,,,,,,,,,,,
884,302,243,ConstruCtion et équipement d'un jardin d'enfants à l'EPP TADERI ,Forages photovoltaïques dans les établissements scolaires,Infrastructure,Eau–Hydraulique,Réhabilitation,COMPOSANTE 1.1,COSO,Banque Mondiale,Réception définitive 100.0%,Réception définitive,0.0,100.0,20000000.0,14881827.0,14881827.0,,100000.0,2024-05-14,,,,,2023-09-08,2024-05-05,3.0,2024-07-13,2024-10-03,,2024-10-03,2026-03-25,False,4,0.0,1,1016.0,429.0,587.0,True,,,,2025-08-15,60.0,75.0,135.0,1,2437,[],,False,,,TADERI,,,TADERI > FARE > OTI 1 > OTI > SAVANES,,883.0,,,,,,,,,,,,,,,,,,,,,,,
895,313,253,Contruction de Batiment scolaire de 3 classes équipées+ bureau+mangasin +forage à EPP Magna,Forages photovoltaïques dans les établissements scolaires,Infrastructure,Eau–Hydraulique,Construction,COMPOSANTE 1.1,COSO,Banque Mondiale,Réception provisoire 100.0%,Réception provisoire,0.0,100.0,20000000.0,17358376.0,17358376.0,,,2024-05-22,,,,,2023-09-08,2024-06-03,3.0,2024-09-02,2024-09-25,2026-03-26,2026-03-26,,False,4,0.0,1,1338.0,638.0,700.0,True,True,True,True,,,,,1,2443,[],,False,Niveau Maire,,MAGNA,10.3384158,0.4571656,MAGNA > MANGO > OTI 1 > OTI > SAVANES,POINT(0.4571656 10.3384158),894.0,,,,,,,,,,,,,,,,,,,,,,,
897,315,254,Contruction de Batiment scolaire de 3 classes équipées+ bureau+mangasin +forage à EPP Fomboro,Forages photovoltaïques dans les établissements scolaires,Infrastructure,Eau–Hydraulique,Construction,COMPOSANTE 1.1,COSO,Banque Mondiale,Réception technique 100.0%,Réception provisoire,0.0,100.0,20000000.0,17606907.0,17606907.0,,,2024-05-13,,0.0,,,2023-09-08,2024-06-03,3.0,2024-09-02,2024-10-02,,2024-10-02,,False,4,0.0,1,3678.0,1678.0,2000.0,True,True,True,,2025-04-26,62.0,39.0,101.0,1,4080,[],,False,Niveau Maire,,FOMBORO,10.3531358,0.4777628,FOMBORO > MANGO > OTI 1 > OTI > SAVANES,POINT(0.4777628 10.3531358),896.0,140.0,,,,,,,,,,,,,,,,,,,,,,
899,317,255,Contruction de Batiment scolaire de 3 classes équipées+ bureau+mangasin +forage à EPP DOUANE EST,Forages photovoltaïques dans les établissements scolaires,Infrastructure,Eau–Hydraulique,Construction,COMPOSANTE 1.1,COSO,Banque Mondiale,Réception provisoire 100.0%,Réception provisoire,0.0,100.0,20000000.0,17606907.0,17606907.0,,,2024-05-13,,,,,2023-09-08,2024-06-13,3.0,,2024-10-03,2024-10-03,2024-11-12,,False,4,0.0,1,3221.0,1907.0,1308.0,True,,,True,2025-08-15,17.0,40.0,57.0,1,4083,[],,False,,,DOUANE-EST,10.3392083,0.4729033,DOUANE-EST > MANGO > OTI 1 > OTI > SAVANES,POINT(0.4729033 10.3392083),898.0,,,,,,,,,,,,,,,,,,,,,,,
903,321,257,Contruction de Batiment scolaire de 3 classes équipées+ bureau+mangasin +forage à EPP Bendenou,Forages photovoltaïques dans les établissements scolaires,Infrastructure,Eau–Hydraulique,Construction,COMPOSANTE 1.1,COSO,Banque Mondiale,Réception provisoire 100.0%,Réception provisoire,0.0,100.0,20000000.0,17606907.0,17606907.0,,,2024-05-15,,,,,2023-09-08,2024-06-03,3.0,2024-09-02,2024-11-12,2024-10-28,2024-11-12,,False,4,0.0,1,2600.0,1750.0,1850.0,,,True,,,,,,1,4089,[],,False,,,DJABOU,10.3644199,0.4783607,DJABOU > MANGO > OTI 1 > OTI > SAVANES,POINT(0.4783607 10.3644199),902.0,130.0,,,,,,,,,,,,,,,,,,,,,,
906,324,259,Contruction de Batiment scolaire pour le jardin d'enfants de 2 classes équipées+ bureau+Forage à EPP Bonzoukou,Forages photovoltaïques dans les établissements scolaires,Infrastructure,Eau–Hydraulique,Construction,COMPOSANTE 1.1,COSO,Banque Mondiale,Réception provisoire 100.0%,Réception provisoire,0.0,100.0,20000000.0,14895699.0,14895699.0,250000.0,200000.0,2024-05-13,2024-10-25,2053200.0,,,2023-09-08,2024-11-10,3.0,2024-12-25,2025-03-12,,2025-06-24,,False,4,0.0,1,795.0,423.0,372.0,True,True,True,True,2025-07-30,36.0,86.0,122.0,1,2439,[],True,False,Niveau Juge,,BONZOUKOU,,,BONZOUKOU > MANGO > OTI 1 > OTI > SAVANES,,905.0,84.0,6.0,,,,,,,,,,,,,,,,,,,,,
907,325,260,Réalisation d'un forage photovoltaïque pour eau de boisson,Forages photovoltaïques dans les communautés pour eau de boisson,Subproject,Eau–Hydraulique,Réhabilitation,COMPOSANTE 1.1,COSO,Banque Mondiale,Réception provisoire 100.0%,Réception provisoire,0.0,90.0,20000000.0,13339373.0,13339373.0,,150000.0,2025-07-08,,,,,2023-09-08,2025-07-22,3.0,2025-10-22,2026-04-01,2026-04-01,2026-04-01,,False,4,0.0,1,437.0,228.0,209.0,,True,True,True,,,,,1,2449,[],True,False,,,TCHIRI,,,TCHIRI > MANGO > OTI 1 > OTI > SAVANES,,,,,,,,,,,,,,,,,,,,,,,,,
909,327,261,Construction de salle de réunion,Forage Photovoltaïque (Salle de réunion),Infrastructure,Eau–Hydraulique,Construction,COMPOSANTE 1.1,COSO,Banque Mondiale,Réception technique 100.0%,Réception provisoire,0.0,100.0,20000000.0,16677418.0,16677418.0,,,2024-05-17,,,,,2023-09-08,2024-05-17,3.0,,2025-01-17,,2025-01-17,,False,4,0.0,1,666.0,365.0,325.0,,,,,,,,,1,2442,[],,False,,,GNANGBANDI (MANGO),10.32394,0.43644,GNANGBANDI (MANGO) > MANGO > OTI 1 > OTI > SAVANES,POINT(0.43644 10.32394),908.0,,,,,,,,,,,,,,,,,,,,,,,
911,329,262,Construction d'un centre communautaire à NAKORKOU,Forage Photovoltaïque (Centre communautaire),Infrastructure,Eau–Hydraulique,Construction,COMPOSANTE 1.1,COSO,Banque Mondiale,Réception provisoire 100.0%,Réception provisoire,0.0,100.0,20000000.0,17884410.0,17884410.0,250000.0,150000.0,2025-02-05,,,,,2023-09-08,2025-03-03,3.0,2025-06-03,2026-02-11,2026-02-11,2026-02-11,,False,4,0.0,1,780.0,404.0,376.0,True,True,True,True,,,,,1,2446,[],True,False,,,NAKORKOU,,,NAKORKOU > MANGO > OTI 1 > OTI > SAVANES,,910.0,,,,,,,,,,,,,,,,,,,,,,,
915,333,265,Construction d'un batiment scolaire de 3 salles de classe+ bureau+Forage+Bloc sanitaire à l'EPP Gnabadjoani 2,Forages photovoltaïques dans les établissements scolaires,Infrastructure,Eau–Hydraulique,Construction,COMPOSANTE 1.1,COSO,Banque Mondiale,Réception provisoire 100.0%,Réception provisoire,0.0,100.0,20000000.0,17599408.0,17599408.0,250000.0,253000.0,2024-05-13,2023-06-10,17599408.0,,,2023-09-08,2024-05-20,3.0,2024-08-01,2024-10-22,2024-10-22,2024-11-27,,True,4,0.0,1,1673.0,825.0,848.0,True,True,True,True,2024-12-06,43.0,97.0,140.0,3,4102; 4103; 4104,[],,False,Maire,,GNABADJOUANI 2,10.966555,0.13158,GNABADJOUANI 2 > NAMARE > TONE 2 > TONE > SAVANES,POINT(0.13158 10.966555),914.0,70.0,4.0,,,,,,,,,,,,,,,,,,,,,
919,337,268,Construction d'un centre communautaire à KONGO-MOBA,Forage Photovoltaïque (Centre communautaire),Infrastructure,Eau–Hydraulique,Construction,COMPOSANTE 1.1,COSO,Banque Mondiale,Réception définitive 100.0%,Réception définitive,0.0,100.0,20000000.0,17816068.0,17816068.0,,,2024-05-11,,,,,2023-09-08,2024-06-11,3.0,2024-08-01,2024-08-26,,2024-09-18,2025-12-11,False,4,0.0,1,2969.0,1676.0,1313.0,,,,,2025-02-18,18.0,61.0,79.0,4,3371; 4110; 4112; 4113,[],True,False,,,KONGO-MOBA,,,KONGO-MOBA > NAMARE > TONE 2 > TONE > SAVANES,,918.0,,,,,,,,,,,,,,,,,,,,,,,
922,340,271,Construction d'un forage maraicher à Touontongou,Forages photovoltaïques pour les activités maraîchères,Subproject,Eau–Hydraulique,Construction,COMPOSANTE 1.1,COSO,Banque Mondiale,Réception définitive 100.0%,Réception définitive,0.0,100.0,20000000.0,19217230.0,19217230.0,,250000.0,2024-05-17,,,,,2023-09-08,2024-06-11,3.0,2024-08-01,2024-08-27,,2024-08-27,2025-09-23,False,4,0.0,1,435.0,152.0,290.0,True,True,True,True,2024-10-16,24.0,51.0,75.0,1,4101,[],,False,,,TOUONTONGOU,,,TOUONTONGOU > NAMARE > TONE 2 > TONE > SAVANES,,,,,,,,,,,,,,,,,,,,,,,,,
923,341,272,Réalisation d'un forage maraicher à Kongo-Boumbouni,Forages photovoltaïques pour les activités maraîchères,Subproject,Eau–Hydraulique,Construction,COMPOSANTE 1.1,COSO,Banque Mondiale,Réception définitive 100.0%,Réception définitive,0.0,100.0,20000000.0,16595644.0,16595644.0,,250000.0,2024-05-13,,,,,2023-09-08,2024-06-11,3.0,2024-08-01,2024-09-27,,2024-09-27,2025-12-04,False,4,0.0,1,365.0,167.0,188.0,True,True,True,True,2024-10-25,25.0,92.0,117.0,1,4111,[],,False,,,KONGO-BOUMBOUNI,,,KONGO-BOUMBOUNI > NAMARE > TONE 2 > TONE > SAVANES,,,,,,,,,,,,,,,,,,,,,,,,,
925,343,274,Réalisation d'un forage maraicher à Kongo-Mossi,Forages photovoltaïques pour les activités maraîchères,Subproject,Eau–Hydraulique,Construction,COMPOSANTE 1.1,COSO,Banque Mondiale,Réception définitive 100.0%,Réception définitive,0.0,100.0,20000000.0,17539644.0,17539644.0,,114000.0,2024-05-13,,,,,2023-09-08,2024-06-11,3.0,2024-08-01,2024-09-27,,2024-09-27,2025-12-04,False,4,0.0,1,258.0,78.0,147.0,True,True,True,,2024-11-13,30.0,72.0,102.0,2,4107; 4108,[],,False,,,KONGO-MOSSI,,,KONGO-MOSSI > NAMARE > TONE 2 > TONE > SAVANES,,,,,,,,,,,,,,,,,,,,,,,,,
927,345,276,Réalisation d'un forage maraicher dans le bas-fond de Yobre 1 ,Forages photovoltaïques pour les activités maraîchères,Subproject,Eau–Hydraulique,Construction,COMPOSANTE 1.1,COSO,Banque Mondiale,Réception définitive 100.0%,Réception définitive,0.0,100.0,20000000.0,17000913.0,17000913.0,,106000.0,2024-05-21,,,,,2023-09-08,2024-06-24,3.0,2024-08-01,2024-08-18,,2024-08-27,2025-09-23,True,4,0.0,1,1497.0,590.0,907.0,True,True,True,True,2024-10-18,20.0,82.0,102.0,3,4123; 4124; 4125,[],True,False,Chef village,,YOBRE 1,10.938128,0.094391,YOBRE 1 > NAMARE > TONE 2 > TONE > SAVANES,POINT(0.094391 10.938128),,65.0,6.0,,,,,,,,1497.0,,,,,,,,,,,,,
932,351,281,Construction et équipement d'un centre communautaire,Forage Photovoltaïque (Centre communautaire),Infrastructure,Eau–Hydraulique,Construction,COMPOSANTE 1.1,COSO,Banque Mondiale,Réception définitive 100.0%,Réception définitive,0.0,100.0,20000000.0,18053504.0,36107008.0,,260000.0,2024-05-22,2024-05-22,18053504.0,,,2023-09-08,2024-06-06,3.0,2024-09-06,2024-10-03,,2024-10-17,2026-01-28,False,4,0.0,1,900.0,442.0,458.0,True,True,True,True,2025-12-15,12.0,89.0,101.0,3,4135; 4136; 4137,[],,False,Maire,,TONGA 2,,,TONGA 2 > BIANKOURI > CINKASSE 2 > CINKASSE > SAVANES,,931.0,101.65,10.0,,,,,,,,,,,,,,,,,,,,,
933,352,282,Réalisation d'un forage photovoltaique pour le maraichage,Forages photovoltaïques pour les activités maraîchères,Subproject,Eau–Hydraulique,Construction,COMPOSANTE 1.1,COSO,Banque Mondiale,Remise de l'ouvrage à la communauté 100.0%,Réception définitive,100.0,100.0,20000000.0,20929695.0,20929695.0,250000.0,260000.0,2024-05-22,,0.0,,,2023-09-08,2024-05-24,3.0,2024-08-21,2024-08-18,2024-08-27,2024-08-27,2025-09-03,True,4,0.0,1,288.0,139.0,149.0,True,True,True,,2024-10-09,19.0,53.0,72.0,1,4153,[],,False,Niveau Maire,,KALAO,,,KALAO > BIANKOURI > CINKASSE 2 > CINKASSE > SAVANES,,,64.0,3.0,,,,,,,,100.0,,,,,,,,,,,,,
935,354,284,Réalisation d'un forage photovoltaique pour le maraichage,Forages photovoltaïques pour les activités maraîchères,Subproject,Eau–Hydraulique,Construction,COMPOSANTE 1.1,COSO,Banque Mondiale,Réception provisoire 100.0%,Réception provisoire,0.0,100.0,20000000.0,16873623.0,33747246.0,,255000.0,2024-05-10,2024-05-10,16873623.0,,,2023-09-08,2024-05-25,3.0,2024-08-25,2024-10-03,,2024-11-20,,False,4,0.0,1,98.0,32.0,66.0,True,True,True,True,2025-01-21,27.0,41.0,68.0,2,2033; 4149,[],,False,Chef Canton,,SAMOMONI,,,SAMOMONI > BIANKOURI > CINKASSE 2 > CINKASSE > SAVANES,,,91.59,9.0,,,,,,,1.0,250.0,,,,,,,,,,,,,
942,361,290,Construction d'un batiment scolaire de 3 classes avec forage à l'EPP,Forages photovoltaïques dans les établissements scolaires,Infrastructure,Eau–Hydraulique,Construction,COMPOSANTE 1.1,COSO,Banque Mondiale,Réception définitive 100.0%,Réception définitive,0.0,100.0,20000000.0,17110000.0,17110000.0,,157000.0,2024-05-15,,,,,2023-09-08,2024-05-22,3.0,2024-09-21,2024-09-24,2024-09-26,2024-09-26,2025-10-07,False,4,0.0,1,644.0,299.0,345.0,True,,True,,2025-08-14,86.0,50.0,136.0,1,4050,[],,False,,,N'KPE 2,,,N'KPE 2 > TAKPAMBA > OTI SUD 2 > OTI SUD > SAVANES,,941.0,101.0,6.0,,,,,,,,,,,,,,,,,,,,,
944,363,292,Réalisation d'un forage photovoltaique pour le maraichage,Forages photovoltaïques pour les activités maraîchères,Subproject,Eau–Hydraulique,Construction,COMPOSANTE 1.1,COSO,Banque Mondiale,Réception provisoire 100.0%,Réception provisoire,0.0,100.0,20000000.0,16448144.0,20485632.0,,147000.0,2024-05-22,2025-12-04,4037488.0,,,2023-09-08,2024-06-09,3.0,2024-09-09,2025-04-18,2025-04-03,2025-04-18,,False,4,0.0,1,133.0,52.0,81.0,True,,True,True,2025-08-07,62.0,30.0,92.0,1,4064,[],,False,,,DJIRIDJO,10.01441,0.5215,DJIRIDJO > TAKPAMBA > OTI SUD 2 > OTI SUD > SAVANES,POINT(0.5215 10.01441),,101.7,5.2,,,,,,,,,,,,,,,,,,,,,
945,364,293,Réalisation du forage photovoltaique pour le maraichage,Forages photovoltaïques pour les activités maraîchères,Subproject,Eau–Hydraulique,Construction,COMPOSANTE 1.1,COSO,Banque Mondiale,Réception définitive 100.0%,Réception définitive,0.0,100.0,20000000.0,17482630.0,21520118.0,,250000.0,2024-05-22,2025-12-04,4037488.0,,,2023-09-08,2024-06-02,3.0,2024-09-02,2024-08-06,,2024-08-29,2025-09-10,False,4,0.0,1,56.0,25.0,31.0,True,True,True,True,2024-11-21,69.0,35.0,104.0,1,4063,[],,False,,,GNOLI,,,GNOLI > TAKPAMBA > OTI SUD 2 > OTI SUD > SAVANES,,,69.05,5.4,,,,,,,,,,,,,,,,,,,,,
948,367,296,Réalisation du forage photovoltaique pour le maraichage,Forages photovoltaïques pour les activités maraîchères,Subproject,Eau–Hydraulique,Construction,COMPOSANTE 1.1,COSO,Banque Mondiale,Réception provisoire 100.0%,Réception provisoire,0.0,100.0,20000000.0,17577030.0,21872230.0,,250000.0,2024-05-13,2025-12-04,4295200.0,,,2023-09-08,2024-05-21,3.0,2024-08-01,2024-10-03,2024-12-06,2024-12-06,,False,4,0.0,1,235.0,112.0,123.0,True,True,,True,2025-02-19,45.0,36.0,81.0,1,4055,[],,False,,,SAPOLI,9.844028,0.704147,SAPOLI > TAKPAMBA > OTI SUD 2 > OTI SUD > SAVANES,POINT(0.704147 9.844028),,,,,,,,,,,,,,,,,,,,,,,,
949,368,297,Réalisation du forage photovoltaique pour le maraichage,Forages photovoltaïques pour les activités maraîchères,Subproject,Eau–Hydraulique,Construction,COMPOSANTE 1.1,COSO,Banque Mondiale,Réception définitive 100.0%,Réception définitive,0.0,100.0,20000000.0,20248800.0,20248800.0,,92000.0,2024-05-15,,,,,2023-09-08,2024-05-21,3.0,2024-08-21,2024-09-04,,2024-09-26,2025-10-07,False,4,0.0,1,582.0,248.0,303.0,True,True,True,True,2024-12-19,44.0,62.0,106.0,1,2776,[],,False,,,LENIDO,9.946635,0.5972867,LENIDO > TAKPAMBA > OTI SUD 2 > OTI SUD > SAVANES,POINT(0.5972867 9.946635),,110.0,9.0,,,,,,,,420.0,,,,,,,,,,,,,
975,394,322,Réalisation d'un forage photovoltaïque pour maraîchage,Forages photovoltaïques pour les activités maraîchères,Subproject,Eau–Hydraulique,Construction,COMPOSANTE 1.1,COSO,Banque Mondiale,Achevé 100.0%,Achevé,100.0,100.0,20000000.0,,,,240000.0,,,,,,,,3.0,,2026-05-29,,,,False,5,0.0,1,1001.0,411.0,590.0,,,,,,,,,2,4403; 4404,[],,False,,,SAMBROUGUE,10.9115583,-0.005415,SAMBROUGUE > TAMI > TONE 3 > TONE > SAVANES,POINT(-0.005415 10.9115583),,,,,,,,,,,,,,,,,,,16235945.0,,,,,
976,395,323,Réalisation de forage photovoltaïque pour le  JEP de Nakpanag,Forages photovoltaïques dans les établissements scolaires,Subproject,Eau–Hydraulique,Construction,COMPOSANTE 1.1,COSO,Banque Mondiale,Réception provisoire 100.0%,Réception provisoire,0.0,100.0,20000000.0,13774353.0,13774353.0,250000.0,,2025-08-25,,,,,,2025-10-10,3.0,2026-01-10,2026-02-15,,2026-02-27,,False,5,0.0,1,469.0,65.0,107.0,True,,True,True,,,,,1,4430,[],,False,,,POAMONGUE,10.853297,0.063415,POAMONGUE > TAMI > TONE 3 > TONE > SAVANES,POINT(0.063415 10.853297),,,,,,,,,,,488.0,,,,,,,,,,,,,
979,398,326,Réalisation d'un forage photovoltaïque pour maraîchage,Forages photovoltaïques pour les activités maraîchères,Subproject,Eau–Hydraulique,Construction,COMPOSANTE 1.1,COSO,Banque Mondiale,Réception provisoire 100.0%,Réception provisoire,0.0,100.0,20000000.0,13765833.0,13765833.0,,459000.0,2024-12-17,,,,,,2025-01-05,3.0,2025-04-05,2025-04-30,2025-06-25,2025-12-11,,False,5,0.0,1,1340.0,375.0,353.0,True,True,True,True,,,,,2,4411; 4412,[],,False,,,NAGRE,,,NAGRE > TAMI > TONE 3 > TONE > SAVANES,,,,,,,,,,,,1340.0,,,,,,,,,,,,,
984,403,330,Construction d'un bâtiment scolaire avec bureau et magasin sans latrines avec équipement pour le JEP de l'EPP Nagueyiegou avec FORAGE,Forages photovoltaïques dans les établissements scolaires,Infrastructure,Eau–Hydraulique,Construction,COMPOSANTE 1.1,COSO,Banque Mondiale,Réception provisoire 100.0%,Réception provisoire,0.0,100.0,20000000.0,13870045.0,13870045.0,,,,,,,,,,3.0,,2025-10-31,2025-11-03,2025-11-06,,False,5,0.0,1,1204.0,375.0,429.0,True,True,True,True,,,,,1,4426,[],,False,Maire,,NAGUEYIEGOU,0.0,0.0,NAGUEYIEGOU > TAMI > TONE 3 > TONE > SAVANES,POINT(0.0 0.0),983.0,,,,,,,,,,395.0,,,,,,,,,,,,,
1004,423,348,Construction et équipement d'un centre communautaire ,Forage Photovoltaïque (Centre communautaire),Infrastructure,Eau–Hydraulique,Construction,COMPOSANTE 1.1,COSO,Banque Mondiale,Réception provisoire 100.0%,Réception provisoire,0.0,100.0,20000000.0,14170549.0,14170549.0,,,2024-10-18,,,,,,2024-11-17,3.0,2025-03-19,2025-04-01,2025-04-08,2025-04-08,,False,5,0.0,1,3722.0,1637.0,2085.0,True,True,,,2025-11-13,31.0,57.0,88.0,1,4475,[],,False,Maire,,LOTOGOU CENTRE,10.798171,0.025296,LOTOGOU CENTRE > LOTOGOU > TONE 3 > TONE > SAVANES,POINT(0.025296 10.798171),1003.0,,,,,,,,,,,,,,,,,,,,,,,
1007,426,350,Réalisation d'un forage photovoltaïque maraicher ,Forages photovoltaïques pour les activités maraîchères,Subproject,Eau–Hydraulique,Construction,COMPOSANTE 1.1,COSO,Banque Mondiale,Réception provisoire 100.0%,Réception provisoire,0.0,100.0,20000000.0,15524481.0,15524481.0,,250000.0,2025-04-04,,,,,2024-05-18,2025-04-18,3.0,2025-07-17,2025-07-25,2025-07-25,2025-08-07,,False,5,0.0,1,414.0,192.0,222.0,True,,True,True,2025-09-26,11.0,56.0,67.0,1,4490,[],,False,,,KOUKDAGOU,,,KOUKDAGOU > LOTOGOU > TONE 3 > TONE > SAVANES,,,,,,,,,,,,253.0,,,,,,,,,,,,,
1009,428,351,Construction et équipement d'un bâtiment scolaire de trois classes et réalisation d'un forage  Photovoltaïque ,Forages photovoltaïques dans les établissements scolaires,Infrastructure,Eau–Hydraulique,Réhabilitation,COMPOSANTE 1.1,COSO,Banque Mondiale,Réception définitive 100.0%,Réception provisoire,100.0,100.0,20000000.0,14451918.0,14451918.0,,,,,,,,2025-02-01,2025-04-21,3.0,2025-06-20,2025-05-22,2025-05-20,2025-06-11,2025-07-17,False,5,0.0,1,386.0,166.0,220.0,True,True,True,True,2025-10-16,33.0,52.0,85.0,1,4478,[],,False,Maire,,BOUTASSOUGOU,,,BOUTASSOUGOU > LOTOGOU > TONE 3 > TONE > SAVANES,,1008.0,,,,,,,,,,,,,,,,,,,,,,,
1011,430,353,Réalisation d'un forage photovoltaïque maraicher ,Forages photovoltaïques pour les activités maraîchères,Subproject,Eau–Hydraulique,Construction,COMPOSANTE 1.1,COSO,Banque Mondiale,Réception provisoire 100.0%,Réception provisoire,0.0,100.0,20000000.0,17729585.0,17729585.0,,250000.0,2024-07-23,,,,,,2025-08-07,3.0,2025-11-07,2025-12-31,,2026-01-28,,False,5,0.0,1,185.0,82.0,103.0,True,True,True,,,,,,1,4482,[],,False,,,POMONGUE,,,POMONGUE > LOTOGOU > TONE 3 > TONE > SAVANES,,,,,,,,,,,,500.0,,,,,,,,,,,,,
1013,432,354,"Construction et équipement d'un bâtiment scolaire de trois classes, bloc latrine et forage photovoltaïque ",Forages photovoltaïques dans les établissements scolaires,Infrastructure,Eau–Hydraulique,Construction,COMPOSANTE 1.1,COSO,Banque Mondiale,Réception provisoire 100.0%,Réception provisoire,0.0,100.0,20000000.0,13391383.0,13391383.0,,,2025-03-26,,,,,,2025-04-02,3.0,2025-07-02,2025-11-15,2025-11-17,2025-12-02,,False,5,0.0,1,810.0,477.0,483.0,,,True,,,,,,1,4484,[],,False,Maire,,DASSOUTE-BAGOU,,,DASSOUTE-BAGOU > LOTOGOU > TONE 3 > TONE > SAVANES,,1012.0,,,,,,,,,,,,,,,,,,,,,,,
1020,439,361,Réalisation d'un forage photovoltaïque pour le maraîchage ,Forages photovoltaïques pour les activités maraîchères,Subproject,Eau–Hydraulique,Construction,COMPOSANTE 1.1,COSO,Banque Mondiale,Réception provisoire 100.0%,Réception provisoire,0.0,100.0,20000000.0,20396607.0,20396607.0,,102000.0,2025-02-24,,,,,,2025-03-14,3.0,2025-06-14,2025-06-25,2025-06-25,2025-07-16,,False,5,0.0,1,896.0,440.0,456.0,True,True,True,True,,,,,1,4343,[],True,False,Chef Canton,,KPÉKIBONGUE,0.0,0.0,KPÉKIBONGUE > MAMPROUGOU > TANDJOUARE 2 > TANDJOUARE > SAVANES,POINT(0.0 0.0),,,,,,,,,,,,,,,,,,,,,,,,
1022,441,363,Réalisation d'un forage photovoltaïque pour le maraîchage ,Forages photovoltaïques pour les activités maraîchères,Subproject,Eau–Hydraulique,Construction,COMPOSANTE 1.1,COSO,Banque Mondiale,Réception provisoire 100.0%,Réception provisoire,0.0,100.0,20000000.0,15839258.0,15839258.0,,250000.0,2024-10-14,,,,,,2024-12-04,3.0,2025-03-08,2025-04-14,2025-04-14,2025-04-24,,False,5,0.0,1,,,,True,,True,,,,,,1,4357,[],,False,Maire,,SANDJAK 2,,,SANDJAK 2 > MAMPROUGOU > TANDJOUARE 2 > TANDJOUARE > SAVANES,,,,,,,,,,,,500.0,,,,,,,,,,,,,
1024,443,365,Réalisation d'un forage photovoltaique pour le Maraichage ,Forages photovoltaïques pour les activités maraîchères,Subproject,Eau–Hydraulique,Construction,COMPOSANTE 1.1,COSO,Banque Mondiale,Réception provisoire 100.0%,Réception provisoire,0.0,100.0,20000000.0,17683580.0,17683580.0,,85000.0,2025-03-03,,,,,,2025-03-17,3.0,2025-07-17,2025-07-31,2025-07-31,2025-08-19,,False,5,0.0,1,732.0,232.0,500.0,True,,True,True,2025-11-26,9.0,34.0,43.0,1,4344,[],,False,Chef Canton,,NOK-DONG,0.0,0.0,NOK-DONG > MAMPROUGOU > TANDJOUARE 2 > TANDJOUARE > SAVANES,POINT(0.0 0.0),,,,,,,,,,,732.0,,,,,,,,,,,,,
1028,446,367,Construction d'un bâtiment scolaire de 3 salles de classes+Bureau+magasin+Forage+Latrines à l'EPP de Djabiène,Forages photovoltaïques dans les établissements scolaires,Infrastructure,Eau–Hydraulique,Construction,COMPOSANTE 1.1,COSO,Banque Mondiale,Réception provisoire 100.0%,Réception provisoire,0.0,100.0,20000000.0,15531879.0,15531879.0,,150000.0,2024-12-05,,,,,,2024-12-19,3.0,2025-03-01,2025-02-13,2025-02-13,2025-03-06,,False,6,0.0,1,540.0,238.0,302.0,True,True,True,,2025-11-06,37.0,51.0,88.0,2,4540; 4541,[],,False,Maire,,DJABIENE,,,DJABIENE > TAMONGUE > TANDJOUARE 1 > TANDJOUARE > SAVANES,,1027.0,,,,,,,,,,540.0,,,,,,,,,,,,,
1032,450,370,Construction d'un bâtiment scolaire de 3 salles de classe+forage+bloc sanitaire à l'EPP Koundoungou,Forages photovoltaïques dans les établissements scolaires,Infrastructure,Eau–Hydraulique,Construction,COMPOSANTE 1.1,COSO,Banque Mondiale,Réception provisoire 100.0%,Réception provisoire,0.0,100.0,20000000.0,14237833.0,14237833.0,,,2024-12-20,,,,,,2024-12-29,3.0,2025-03-29,2025-04-30,2025-08-13,2025-08-13,,False,6,0.0,1,2041.0,324.0,275.0,,,True,True,,,,,3,4573; 4574; 4575,[],,False,Maire,,KOUNDOUNGOU 1,0.0,0.0,KOUNDOUNGOU 1 > TAMONGUE > TANDJOUARE 1 > TANDJOUARE > SAVANES,POINT(0.0 0.0),1031.0,,,,,,,,,,200.0,,,,,,,,,,,,,
1034,452,371,Construction d'un bâtimentd'un bâtiment scolaire de 3 classes + Bureau+Magasin+forage photovoltaïque à l'EPP Wantambongue,Forages photovoltaïques dans les établissements scolaires,Infrastructure,Eau–Hydraulique,Construction,COMPOSANTE 1.1,COSO,Banque Mondiale,Réception provisoire 100.0%,Réception provisoire,0.0,100.0,20000000.0,19055295.0,19055295.0,,,2025-09-17,,,,,,2025-09-26,3.0,2025-12-26,2025-12-11,2025-12-11,2025-12-18,,False,6,0.0,1,537.0,240.0,297.0,True,,,,,,,,2,4578; 4579,[],,False,Juge,,WANTAMBONGUE 1,,,WANTAMBONGUE 1 > TAMONGUE > TANDJOUARE 1 > TANDJOUARE > SAVANES,,1033.0,,,,,,,,,,,,,,,,,,,,,,,
1044,462,380,"Construction d'un batiment scolaire de trois classes,bureau,magasin et blocs sanitaires + forage à l'EPP ",Forages photovoltaïques dans les établissements scolaires,Infrastructure,Eau–Hydraulique,Construction,COMPOSANTE 1.1,COSO,Banque Mondiale,Réception provisoire 100.0%,Réception provisoire,0.0,100.0,20000000.0,14827833.0,14827833.0,,,2024-10-15,,,,,,2024-10-18,3.0,2025-01-18,2025-04-30,2025-04-30,2025-06-03,,False,6,0.0,1,255.0,130.0,125.0,True,True,True,True,2025-09-21,33.0,69.0,102.0,1,4507,[],,False,Maire,,SIGUIBAGOU 2,,,SIGUIBAGOU 2 > DOUKPERGOU > TANDJOUARE 2 > TANDJOUARE > SAVANES,,1043.0,,,,,,,,,,255.0,,,,,,,,,,,,,
1046,464,381,"Construction d'un batiment scolaire de trois classes,bureau,magasin et blocs sanitaires avec forage à l'EPP Matougou B",Forages photovoltaïques dans les établissements scolaires,Infrastructure,Eau–Hydraulique,Construction,COMPOSANTE 1.1,COSO,Banque Mondiale,Réception provisoire 100.0%,Réception provisoire,0.0,100.0,20000000.0,14045380.0,14045380.0,,,2024-10-25,,,,,,2024-11-13,3.0,2025-04-17,2025-10-31,,2025-11-07,,False,6,0.0,1,329.0,,,,,True,True,,,,,1,4518,[],,False,N/A (ancien site),,LARSIOK,0.0,0.0,LARSIOK > DOUKPERGOU > TANDJOUARE 2 > TANDJOUARE > SAVANES,POINT(0.0 0.0),1045.0,,,,,,,,,,,,,,,,,,,,,,,
1050,468,385,Réalisation  d'un forage photovoltaique pour le maraichage ,Forages photovoltaïques pour les activités maraîchères,Subproject,Eau–Hydraulique,Construction,COMPOSANTE 1.1,COSO,Banque Mondiale,Achevé 100.0%,Achevé,0.0,89.0,20000000.0,23319402.0,23319402.0,,130000.0,2025-09-19,,,,,,2025-10-27,3.0,2026-01-27,2026-03-17,,,,False,6,0.0,1,161.0,76.0,115.0,True,True,True,True,,,,,1,4503,[],True,False,,,MAGNA BAS,10.6417033,0.0908567,MAGNA BAS > DOUKPERGOU > TANDJOUARE 2 > TANDJOUARE > SAVANES,POINT(0.0908567 10.6417033),,,,,,,,,,,161.0,,,,,,,,,,,,,
1057,475,391,Construction et équipement d'un bâtiement  scolaire de 03 classes avec Bureau-magasin + 2blocs latrines et un forage ,Forages photovoltaïques dans les établissements scolaires,Infrastructure,Eau–Hydraulique,Construction,COMPOSANTE 1.1,COSO,Banque Mondiale,Réception définitive 100.0%,Réception définitive,100.0,100.0,20000000.0,13885579.0,13885579.0,250000.0,290000.0,2024-10-15,,,,,2024-02-16,2024-11-10,3.0,2025-02-10,2025-02-19,2025-02-19,2025-03-13,2026-03-19,False,6,0.0,1,1130.0,450.0,680.0,True,True,True,True,,,,,3,4662; 4663; 4664,[],True,False,Maire,,SANPEDIGBENDE 2,0.0,0.0,SANPEDIGBENDE 2 > NAKI-OUEST > TONE 2 > TONE > SAVANES,POINT(0.0 0.0),1056.0,8140.0,8500.0,,,,,,,,1130.0,,,,,,,,,,,,,
1065,484,399,Réalissation d'un forage photovoltaïque maraicher,Forages photovoltaïques pour les activités maraîchères,Subproject,Eau–Hydraulique,Construction,COMPOSANTE 1.1,COSO,Banque Mondiale,Réception provisoire 100.0%,Réception provisoire,100.0,100.0,20000000.0,18241183.0,18241183.0,,279500.0,2025-05-06,,,,,2024-02-16,2025-05-20,5.0,2025-10-20,2025-09-21,2025-09-24,2025-11-20,,False,6,0.0,1,976.0,465.0,514.0,,,True,,,,,,2,4633; 4634,[],,False,,,KPATCHIANGBANE 1,10.9534483,-0.0034733,KPATCHIANGBANE 1 > NAKI-OUEST > TONE 2 > TONE > SAVANES,POINT(-0.0034733 10.9534483),,,,,,,,,,,977.0,,,,,,,,,,,,,
1066,485,400,Réalissation d'un forage photovoltaïque maraicher,Forages photovoltaïques pour les activités maraîchères,Subproject,Eau–Hydraulique,Construction,COMPOSANTE 1.1,COSO,Banque Mondiale,Réception provisoire 100.0%,Réception provisoire,0.0,100.0,20000000.0,15268345.0,15268345.0,,262000.0,2025-03-27,,,,,2024-02-16,2025-02-20,3.0,2025-05-20,2025-10-06,2025-10-06,2025-10-09,,False,6,0.0,1,421.0,166.0,302.0,,,,,2025-11-14,20.0,52.0,72.0,2,4509; 4670,[],,False,,,NASSIEGOU,,,NASSIEGOU > NAKI-OUEST > TONE 2 > TONE > SAVANES,,,,,,,,,,,,,,,,,,,,,,,,,
1067,486,401,Réalissation d'un forage photovoltaïque maraicher,Forages photovoltaïques pour les activités maraîchères,Subproject,Eau–Hydraulique,Construction,COMPOSANTE 1.1,COSO,Banque Mondiale,Réception provisoire 100.0%,Réception provisoire,0.0,100.0,20000000.0,18241183.0,18241183.0,,251000.0,2025-05-06,,,,,2024-02-16,2025-05-20,5.0,2025-10-20,2025-09-21,2025-09-24,2025-11-20,,False,6,0.0,1,1106.0,550.0,556.0,True,True,True,True,,,,,1,4667,[],,False,,,BASSOUDOUGOU,10.9422383,0.0246017,BASSOUDOUGOU > NAKI-OUEST > TONE 2 > TONE > SAVANES,POINT(0.0246017 10.9422383),,,,,,,,,,,1000.0,,,,,,,,,,,,,
1068,487,402,Réalissation d'un forage photovoltaïque maraicher,Forages photovoltaïques pour les activités maraîchères,Subproject,Eau–Hydraulique,Construction,COMPOSANTE 1.1,COSO,Banque Mondiale,Réception provisoire 100.0%,Réception provisoire,0.0,100.0,20000000.0,16101425.0,16101425.0,,220000.0,2025-03-06,,,,,2024-02-16,2025-03-07,3.0,2025-06-07,2025-09-15,2025-09-17,2025-10-09,,False,6,0.0,1,252.0,95.0,155.0,True,True,True,,2025-12-03,8.0,70.0,78.0,1,4646,[],,False,,,KPIMONE,,,KPIMONE > NAKI-OUEST > TONE 2 > TONE > SAVANES,,,,,,,,,,,,500.0,,,,,,,,,,,,,
1069,488,403,Réalissation d'un forage photovoltaïque maraicher,Forages photovoltaïques pour les activités maraîchères,Subproject,Eau–Hydraulique,Construction,COMPOSANTE 1.1,COSO,Banque Mondiale,Réception provisoire 100.0%,Réception provisoire,0.0,100.0,20000000.0,18035852.0,18035852.0,,363000.0,2025-07-10,,,,,2024-02-16,2025-07-11,3.0,2025-11-10,2025-12-16,2025-12-16,2025-12-16,,False,6,0.0,1,615.0,257.0,358.0,True,,True,True,,,,,3,4628; 4629; 4630,[],,False,,,FALNAGUE 1,,,FALNAGUE 1 > NAKI-OUEST > TONE 2 > TONE > SAVANES,,,,,,,,,,,,650.0,,,,,,,,,,,,,
1070,489,404,Réalissation d'un forage photovoltaïque maraicher,Forages photovoltaïques pour les activités maraîchères,Subproject,Eau–Hydraulique,Construction,COMPOSANTE 1.1,COSO,Banque Mondiale,Réception provisoire 100.0%,Réception provisoire,0.0,100.0,20000000.0,18241183.0,18241183.0,,255000.0,2025-03-19,,,,,2024-02-16,2025-04-03,5.0,2025-09-03,2025-09-21,2025-09-24,2025-11-20,,False,6,0.0,1,894.0,313.0,581.0,True,True,True,True,2026-01-14,12.0,77.0,89.0,2,4635; 4636,[],,False,,,NAKORGOU,10.933573,0.068247,NAKORGOU > NAKI-OUEST > TONE 2 > TONE > SAVANES,POINT(0.068247 10.933573),,,,,,,,,,,,,,,,,,,,,,,,
1071,490,405,Réalissation d'un forage photovoltaïque maraicher,Forages photovoltaïques pour les activités maraîchères,Subproject,Eau–Hydraulique,Construction,COMPOSANTE 1.1,COSO,Banque Mondiale,Réception provisoire 100.0%,Réception provisoire,0.0,100.0,20000000.0,16171828.0,16171828.0,,251000.0,2025-05-06,,,,,2024-02-16,2025-05-20,4.0,2025-09-19,2025-12-16,2025-12-16,2025-12-16,,False,6,0.0,1,1312.0,630.0,682.0,True,True,True,True,2026-01-21,26.0,101.0,127.0,3,4616; 4617; 4618,[],,False,,,KARIATA,10.893852,0.061661,KARIATA > NAKI-OUEST > TONE 2 > TONE > SAVANES,POINT(0.061661 10.893852),,,,,,,,,,,,,,,,,,,,,,,,
1072,491,406,Réalissation d'un forage photovoltaïque maraicher,Forages photovoltaïques pour les activités maraîchères,Subproject,Eau–Hydraulique,Construction,COMPOSANTE 1.1,COSO,Banque Mondiale,Réception provisoire 100.0%,Réception provisoire,0.0,100.0,20000000.0,18449595.0,18449595.0,,211000.0,2025-04-11,,,,,2024-02-16,2025-04-20,4.0,2025-08-20,2025-09-15,2025-09-18,2025-11-06,,False,6,0.0,1,685.0,315.0,368.0,True,True,True,,2025-12-11,7.0,68.0,75.0,3,4643; 4644; 4645,[],,False,,,NAKPALI 2,,,NAKPALI 2 > NAKI-OUEST > TONE 2 > TONE > SAVANES,,,,,,,,,,,,685.0,,,,,,,,,,,,,
1073,492,407,Réalissation d'un forage photovoltaïque maraicher,Forages photovoltaïques pour les activités maraîchères,Subproject,Eau–Hydraulique,Construction,COMPOSANTE 1.1,COSO,Banque Mondiale,Réception provisoire 100.0%,Réception provisoire,0.0,100.0,20000000.0,15622345.0,15622345.0,,252000.0,2025-03-05,,,,,2024-02-16,2025-04-14,3.0,2025-07-14,2025-09-15,2025-09-18,2025-09-25,,False,6,0.0,1,1096.0,530.0,566.0,True,,True,True,2025-11-19,25.0,55.0,80.0,2,4649; 4650,[],,False,,,TCHANDANA,10.934593,0.11905,TCHANDANA > NAKI-OUEST > TONE 2 > TONE > SAVANES,POINT(0.11905 10.934593),,,,,,,,,,,,,,,,,,,,,,,,
1076,495,409,"Construction d'un batiment scolaire de trois classes,bureau,magasin  + forage ",Forages photovoltaïques dans les établissements scolaires,Infrastructure,Eau–Hydraulique,Construction,COMPOSANTE 1.1,COSO,Banque Mondiale,Réception provisoire 100.0%,Réception provisoire,0.0,100.0,20000000.0,15734852.0,15734852.0,,,2025-03-06,,,,,,2025-03-22,3.0,2025-06-21,2025-07-11,2025-07-11,2025-08-13,,False,6,0.0,1,1749.0,738.0,911.0,True,True,True,True,,,,,1,4707,[],,False,,,KEREKETE,10.4833243,0.2093732,KEREKETE > GALANGASHIE > OTI 2 > OTI > SAVANES,POINT(0.2093732 10.4833243),1075.0,,,,,,,,,,,,,,,,,,,,,,,
1080,499,412,Construction d'un batiment scolaire à l'EPP avec forage,Forages photovoltaïques dans les établissements scolaires,Infrastructure,Eau–Hydraulique,Construction,COMPOSANTE 1.1,COSO,Banque Mondiale,Réception provisoire 100.0%,Réception provisoire,0.0,100.0,20000000.0,14498465.0,14498465.0,,,2025-03-06,,,,,,2025-03-22,3.0,2025-06-21,2025-07-10,2025-07-10,2025-11-20,,False,6,0.0,1,567.0,225.0,342.0,True,True,True,True,,,,,1,4713,[],,False,,,TAMBINAMONE,,,TAMBINAMONE > GALANGASHIE > OTI 2 > OTI > SAVANES,,1079.0,,,,,,,,,,,,,,,,,,,,,,,
1082,501,413,Construction d'un batiment scolaire à l'EPP avec forage,Forages photovoltaïques dans les établissements scolaires,Infrastructure,Eau–Hydraulique,Construction,COMPOSANTE 1.1,COSO,Banque Mondiale,Réception provisoire 100.0%,Réception provisoire,0.0,100.0,20000000.0,14005745.0,14005745.0,,,2025-09-29,,,,,,2025-10-11,3.0,2026-01-11,2026-03-12,,2026-03-18,,False,6,0.0,1,388.0,173.0,215.0,,True,,,,,,,1,4717,[],,False,,,KOUWAKOU,,,KOUWAKOU > GALANGASHIE > OTI 2 > OTI > SAVANES,,1081.0,,,,,,,,,,,,,,,,,,,,,,,
1087,506,417,construcion d'un centre communautaire,Forage Photovoltaïque (Centre communautaire),Infrastructure,Eau–Hydraulique,Construction,COMPOSANTE 1.1,COSO,Banque Mondiale,Réception provisoire 100.0%,Réception provisoire,0.0,100.0,20000000.0,13191793.0,13191793.0,,,2024-11-01,,,,,,2025-01-20,3.0,2025-04-20,2025-09-08,2025-09-29,2025-10-29,,False,6,0.0,1,519.0,219.0,300.0,True,True,True,,,,,,1,4716,[],,False,,,KPANDJINI,10.5348583,0.32996,KPANDJINI > GALANGASHIE > OTI 2 > OTI > SAVANES,POINT(0.32996 10.5348583),1086.0,,,,,,,,,,,,,,,,,,,,,,,
1093,512,422,Construction d'un bâtiment scolaire de trois salles de classe+bureau+ magasin  avec forage à l'EPP NABILE  B,Forages photovoltaïques dans les établissements scolaires,Infrastructure,Eau–Hydraulique,Construction,COMPOSANTE 1.1,COSO,Banque Mondiale,Réception provisoire 100.0%,Réception provisoire,100.0,100.0,20000000.0,13225385.0,13225385.0,,75000.0,2025-06-13,,,,,,2025-06-28,3.0,2025-09-28,2025-11-15,2025-12-02,2025-12-09,,False,6,0.0,1,1768.0,824.0,944.0,True,True,True,True,,,,,1,4591,[],,False,,,NABILE,,,NABILE > GANDO > OTI SUD 1 > OTI SUD > SAVANES,,1092.0,,,,,,,,,,1700.0,,,,,,,,,,,,,
1101,520,428,"Appui à la construction d'un batiment scolaire de 03 classes, un bureau et magasin à l'EPP Nadjankarkou, avec forage",Forages photovoltaïques dans les établissements scolaires,Infrastructure,Eau–Hydraulique,Construction,COMPOSANTE 1.1,COSO,Banque Mondiale,Réception provisoire 100.0%,Réception provisoire,0.0,100.0,20000000.0,13225385.0,13225385.0,,,2025-04-15,,,,,,2025-04-28,3.0,2025-07-28,2025-10-13,2025-10-16,2025-10-22,,False,6,0.0,1,724.0,324.0,390.0,True,True,,,2026-01-22,43.0,81.0,124.0,1,4599,[],,False,,,NADJANKARKOU,0.0,0.0,NADJANKARKOU > GANDO > OTI SUD 1 > OTI SUD > SAVANES,POINT(0.0 0.0),1100.0,,,,,,,,,,830.0,,,,,,,,,,,,,
1104,523,430,"Construction et équipement d'un bâtiment scolaire de 3 classes avec bureau, magasin, latrines et d'un forage photovoltaïque à l'EPP Sakou",Forages photovoltaïques dans les établissements scolaires,Infrastructure,Eau–Hydraulique,Construction,COMPOSANTE 1.1,COSO,Banque Mondiale,Réception provisoire 100.0%,Réception provisoire,100.0,100.0,20000000.0,13944156.0,13944156.0,,,2025-04-09,,,,,,,3.0,,2025-09-29,2025-10-01,2025-10-01,,False,6,0.0,1,834.0,456.0,378.0,True,True,True,True,,,,,1,4601,[],,False,,,SAKOU,,,SAKOU > GANDO > OTI SUD 1 > OTI SUD > SAVANES,,1103.0,,,,,,,,,,834.0,,,,,,,,,,,,,
1109,528,433,Construction d'un bâtiment pour le préscolaire au JEP Djèbouri ,Forages photovoltaïques dans les établissements scolaires,Infrastructure,Eau–Hydraulique,Construction,COMPOSANTE 1.1,COSO,Banque Mondiale,Réception provisoire 100.0%,Réception provisoire,0.0,100.0,20000000.0,13225385.0,13225385.0,,,2025-06-13,,,,,,2025-06-28,3.0,2025-09-28,2025-12-02,2025-12-03,2025-12-09,,False,6,0.0,1,2400.0,1342.0,1560.0,True,True,True,True,,,,,1,4609,[],,False,,,DJEBOURI,,,DJEBOURI > GANDO > OTI SUD 1 > OTI SUD > SAVANES,,1108.0,,,,,,,,,,2400.0,,,,,,,,,,,,,
1112,531,435,Construction et équipement d'un batiment scolaire + forage pour le jardin d'enfants JEP de Djé-Djabou,Forages photovoltaïques dans les établissements scolaires,Infrastructure,Eau–Hydraulique,Construction,COMPOSANTE 1.1,COSO,Banque Mondiale,Réception définitive 100.0%,Réception définitive,0.0,100.0,20000000.0,14540043.0,14540043.0,393000.0,3930000.0,2024-10-17,2024-10-18,,2024-10-18,2024-10-18,2024-11-16,2024-10-17,3.0,2025-01-17,2025-01-28,2025-01-28,2025-02-06,2026-03-18,True,6,0.0,1,1987.0,594.0,763.0,True,True,True,True,2025-11-19,24.0,50.0,74.0,1,4611,[],,False,Niveau Maire,,DJE-DJABOU,10.3179254,0.7220782,DJE-DJABOU > GANDO > OTI SUD 1 > OTI SUD > SAVANES,POINT(0.7220782 10.3179254),1111.0,85.0,3.0,,,,,,,,1987.0,,,,,,,,,,,,,
1115,534,438,Réalisation d'un forage photovoltaique pour le maraichage,Forages photovoltaïques pour les activités maraîchères,Subproject,Eau–Hydraulique,Construction,COMPOSANTE 1.1,COSO,Banque Mondiale,Réception provisoire 100.0%,Réception provisoire,0.0,100.0,20000000.0,21167901.0,21167901.0,250000.0,200000.0,2025-05-21,,,,,,2025-06-03,7.0,2026-01-03,2026-02-15,2026-02-26,2026-02-26,,True,6,0.0,1,2103.0,966.0,1106.0,True,True,True,True,,,,,1,4595,[],,False,Niveau chef village,,WOGOU/VILLAGE,0.0,0.0,WOGOU/VILLAGE > GANDO > OTI SUD 1 > OTI SUD > SAVANES,POINT(0.0 0.0),,,,,,,,,,,,,,,,,,,,,,,,
1116,535,439,Réalisation d'un forage photovoltaique pour le maraichage et abreuvement des animaux,Forages photovoltaïques pour les activités maraîchères,Subproject,Eau–Hydraulique,Construction,COMPOSANTE 1.1,COSO,Banque Mondiale,Réception provisoire 100.0%,Réception provisoire,100.0,100.0,20000000.0,22556248.0,22556248.0,,150000.0,2025-05-09,,,,,2024-02-16,2025-05-21,3.0,2025-08-21,2025-08-28,2025-08-28,2025-08-28,,False,6,0.0,1,564.0,257.0,307.0,True,True,True,True,2025-11-24,36.0,69.0,105.0,1,4598,[],,False,,,GBATENI,10.2540124,0.7433078,GBATENI > GANDO > OTI SUD 1 > OTI SUD > SAVANES,POINT(0.7433078 10.2540124),,,,,,,,,,,564.0,,,,,,,,22556248.0,22556248.0,,,,
1117,536,440,Réalisation d'un forage photovoltaique pour le maraichage,Forages photovoltaïques pour les activités maraîchères,Subproject,Eau–Hydraulique,Construction,COMPOSANTE 1.1,COSO,Banque Mondiale,Réception provisoire 100.0%,Réception provisoire,100.0,100.0,20000000.0,22556248.0,22556248.0,,,2025-08-08,,,,,2024-02-16,,3.0,,2026-04-01,2026-03-10,2026-04-18,,False,6,0.0,1,450.0,210.0,240.0,True,True,True,True,2026-04-01,32.0,54.0,86.0,1,4602,[],,False,,,NAKPATI,10.3497677,0.8183641,NAKPATI > GANDO > OTI SUD 1 > OTI SUD > SAVANES,POINT(0.8183641 10.3497677),,,,,,,,,,,,,,,,,,,22469715.0,22469715.0,,,,
1120,539,442,"Construction d'un bâtiment scolaire de trois (3) classes, bureau , magasin et forage photovoltaïque",Forages photovoltaïques dans les établissements scolaires,Infrastructure,Eau–Hydraulique,Construction,COMPOSANTE 1.1,COSO,Banque Mondiale,Réception provisoire 100.0%,Réception provisoire,0.0,100.0,20000000.0,13225385.0,13225385.0,,,,,,,,,2024-10-15,3.0,2025-05-16,2025-10-20,2025-10-21,2025-10-23,,False,6,0.0,1,2822.0,904.0,1880.0,True,True,,True,,,,,1,4682,[],,False,,,FIEGOU,,,FIEGOU > MOGOU > OTI SUD 1 > OTI SUD > SAVANES,,1119.0,,,,,,,,,,,,,,,,,,,,,,,
1122,541,443,"Construction d'un bâtiment scolaire de quatre (4) classes, bureaun , magasin et forage au CEG TONTONDI",Forages photovoltaïques dans les établissements scolaires,Infrastructure,Eau–Hydraulique,Construction,COMPOSANTE 1.1,COSO,Banque Mondiale,Achevé 100.0%,Achevé,0.0,100.0,20000000.0,15297015.0,15297015.0,,65000.0,2025-10-01,,,,,,2025-11-19,3.0,2026-02-12,2026-02-15,,,,False,6,0.0,1,1151.0,502.0,649.0,True,True,True,True,,,,,1,4671,[],,False,,,TONTONDI,,,TONTONDI > MOGOU > OTI SUD 1 > OTI SUD > SAVANES,,1121.0,,,,,,,,,,3000.0,,,,,,,,,,,,,
1129,548,448,Construction d'un JEP de deux (2) classes+forage photovoltaïque,Forages photovoltaïques dans les établissements scolaires,Subproject,Eau–Hydraulique,Construction,COMPOSANTE 1.1,COSO,Banque Mondiale,Achevé 100.0%,Achevé,0.0,100.0,20000000.0,15567331.0,15567331.0,,,2025-10-01,,,,,,2025-10-08,3.0,2026-01-08,2026-02-15,,,,False,6,0.0,1,580.0,200.0,380.0,True,True,True,True,,,,,1,4696,[],True,False,,,BAKANOU,,,BAKANOU > MOGOU > OTI SUD 1 > OTI SUD > SAVANES,,,,,,,,,,,,500.0,,,,,,,,,,,,,
1136,555,455,Réalisation d'un foarge photovoltaique à de fin de maraichage,Forages photovoltaïques pour les activités maraîchères,Subproject,Eau–Hydraulique,Construction,COMPOSANTE 1.1,COSO,Banque Mondiale,Réception provisoire 100.0%,Réception provisoire,0.0,100.0,20000000.0,18604178.0,18604178.0,,75000.0,2025-03-19,,,,,,,3.0,,2025-08-06,2025-08-14,2025-08-14,,False,6,0.0,1,448.0,198.0,250.0,True,,,True,2025-12-11,34.0,33.0,67.0,1,4679,[],,False,,,NATCHITONI,,,NATCHITONI > MOGOU > OTI SUD 1 > OTI SUD > SAVANES,,,,,,,,,,,,,,,,,,,,,,,,,
1137,556,456,Réalisation d'un forage photovoltaïque à des fins de maraichage,Forages photovoltaïques pour les activités maraîchères,Subproject,Eau–Hydraulique,Construction,COMPOSANTE 1.1,COSO,Banque Mondiale,Achevé 100.0%,Achevé,0.0,100.0,20000000.0,16651080.0,16651080.0,,100000.0,2025-07-24,,,,,2024-02-16,2025-11-21,3.0,2026-02-21,2026-03-09,,,,False,6,0.0,1,600.0,220.0,380.0,True,True,True,,,,,,1,4695,[],,False,,,TCHANKPERE,0.0,0.0,TCHANKPERE > MOGOU > OTI SUD 1 > OTI SUD > SAVANES,POINT(0.0 0.0),,,,,,,,,,,500.0,,,,,,,,,,,,,
1138,557,457,Réalisation d'un foarge photovoltaïque à des fins de maraichage,Forages photovoltaïques pour les activités maraîchères,Subproject,Eau–Hydraulique,Construction,COMPOSANTE 1.1,COSO,Banque Mondiale,Réception provisoire 100.0%,Réception provisoire,0.0,100.0,20000000.0,17683580.0,17683580.0,,220000.0,2025-04-23,,,,,,2025-04-30,3.0,2025-07-30,2025-08-28,2025-08-28,2025-08-28,,False,6,0.0,1,1314.0,551.0,763.0,True,True,True,,2025-12-12,67.0,95.0,162.0,2,4702; 4703,[],,False,Chef Canton,,NAMOUMALE,0.0,0.0,NAMOUMALE > MOGOU > OTI SUD 1 > OTI SUD > SAVANES,POINT(0.0 0.0),,,,,,,,,,,1314.0,,,,,,,,,,,,,
1139,558,458,Réalisation d'un forage photovoltaïque à des finis de maraichage,Forages photovoltaïques pour les activités maraîchères,Subproject,Eau–Hydraulique,Construction,COMPOSANTE 1.1,COSO,Banque Mondiale,Réception provisoire 100.0%,Réception provisoire,0.0,100.0,20000000.0,23367286.0,23367286.0,,250000.0,2025-05-23,,,,,,2025-06-27,3.0,2025-09-27,2025-09-05,2025-09-05,2025-09-10,,False,6,0.0,1,2010.0,988.0,1022.0,True,True,True,,2025-12-03,25.0,52.0,77.0,3,4699; 4700; 4701,[],,False,Maire,,KPENTCHANI,,,KPENTCHANI > MOGOU > OTI SUD 1 > OTI SUD > SAVANES,,,,,,,,,,,,2010.0,,,,,,,,,,,,,
1140,559,459,Réalisation d'un forage photovoltaïque à des finis de maraichage,Forages photovoltaïques pour les activités maraîchères,Subproject,Eau–Hydraulique,Construction,COMPOSANTE 1.1,COSO,Banque Mondiale,Réception provisoire 100.0%,Réception provisoire,0.0,100.0,20000000.0,18131980.0,18131980.0,,150000.0,,,,,,2024-02-16,2025-05-05,3.0,2025-08-05,2025-08-28,2025-08-28,2025-08-28,,False,6,0.0,1,626.0,306.0,320.0,True,True,True,True,2025-12-05,67.0,50.0,117.0,1,4685,[],,False,,,TCHINTCHEREGA,0.0,0.0,TCHINTCHEREGA > MOGOU > OTI SUD 1 > OTI SUD > SAVANES,POINT(0.0 0.0),,,,,,,,,,,,,,,,,,,,,,,,
1144,563,462,construction et équipement d'un centre communautaire ,Forage Photovoltaïque (Centre communautaire),Infrastructure,Eau–Hydraulique,Construction,COMPOSANTE 1.1,COSO,Banque Mondiale,Réception provisoire 100.0%,Réception provisoire,0.0,100.0,20000000.0,13191793.0,13191793.0,250000.0,260000.0,2024-10-30,,,,,,2024-11-19,3.0,2025-02-19,2025-09-05,,2025-09-10,,False,6,0.0,1,3697.0,1733.0,1964.0,True,,True,,,,,,1,4698,[],True,False,Maire,,MOGOU CENTRE,0.0,0.0,MOGOU CENTRE > MOGOU > OTI SUD 1 > OTI SUD > SAVANES,POINT(0.0 0.0),1143.0,,4.0,,,,,,,,,,,,,,,,,,,,,
1145,564,31,Réalisation d’un forage photovoltaïque pour eau de boisson et réparation de 2 forages existant,Forages photovoltaïques dans les communautés pour eau de boisson,Infrastructure,Eau–Hydraulique,Réhabilitation,COMPOSANTE 1.1,COSO,Banque Mondiale,Remise de l'ouvrage à la communauté 100.0%,Réception définitive,100.0,100.0,5000000.0,4514680.0,4514680.0,250000.0,250000.0,2023-07-13,,,2023-07-12,2023-07-12,2023-05-02,2024-02-12,3.0,2024-04-26,2023-12-31,2024-05-06,2024-05-06,2025-05-27,True,3,0.0,1,752.0,303.0,190.0,True,True,True,True,2024-02-15,45.0,38.0,83.0,1,3890,[],True,False,Niveau Juge,,BOMWAÏ,0.0,0.0,BOMWAÏ > KETAO > BINAH 2 > BINAH > KARA,POINT(0.0 0.0),628.0,40.0,2.1,,,,,,,,,,,,,,,,,,,,,
1146,565,31,Réalisation d’un forage photovoltaïque pour eau de boisson et réparation de 2 forages existant,Forages photovoltaïques dans les communautés pour eau de boisson,Infrastructure,Eau–Hydraulique,Réhabilitation,COMPOSANTE 1.1,COSO,Banque Mondiale,Remise de l'ouvrage à la communauté 100.0%,Réception définitive,100.0,100.0,5000000.0,4514680.0,4514680.0,,,2023-07-13,,,,,2023-05-02,2024-02-12,3.0,2024-04-26,2023-12-31,2024-05-06,2024-05-06,2025-05-27,True,3,0.0,1,752.0,303.0,190.0,True,True,True,True,2024-02-15,45.0,38.0,83.0,1,3890,[],,False,Niveau chef village,,BOMWAÏ,0.0,0.0,BOMWAÏ > KETAO > BINAH 2 > BINAH > KARA,POINT(0.0 0.0),628.0,49.46,1.08,,,,,,,,,,,,,,,,,,,,,
1345,757,505,Réhabilitation du Marché de POISSONGUI,Forages photovoltaïques dans les marchés pour eau de boisson,Infrastructure,Eau–Hydraulique,Construction,COMPOSANTE 1.2,COSO,Banque Mondiale,Réception provisoire 100.0%,Réception provisoire,,100.0,20000000.0,,,,,2025-03-14,,,,,,2025-04-09,6.0,2025-10-09,2026-03-13,,2026-03-16,,False,,0.0,1,,,,,,,,,,,,36,3218; 3219; 3220; 3222; 3223; 3224; 3225; 3226; 3228; 3229; 3230; 3231; 3233; 3234; 3243; 3244; 3245; 3893; 3899; 3900; 3908; 3915; 3916; 3917; 3918; 3921; 3922; 3923; 3924; 3925; 3941; 3942; 3948; 3949; 6679; 6680,[],,False,,,POISSONGUI 1,0.0,0.0,POISSONGUI 1 > POISSONGUI > TONE 1 > TONE > SAVANES,POINT(0.0 0.0),1343.0,,,,,,,,,,,,,,,,,,,,,,POISSONGUI,Marché de Poissongui
1369,781,511,Réhabilitation du Marché de POGNO,Forages photovoltaïques dans les marchés pour eau de boisson,Infrastructure,Eau–Hydraulique,Construction,COMPOSANTE 1.2,COSO,Banque Mondiale,Réception provisoire 100.0%,Réception provisoire,,100.0,18000000.0,17770476.0,17770476.0,,,2025-05-30,,,,,,2025-08-06,3.0,2026-01-06,2026-03-11,2026-03-11,2026-03-11,,False,,0.0,1,,,,,,,,,,,,27,2374; 2375; 2377; 2378; 2379; 2381; 2384; 2385; 2389; 2390; 2391; 2395; 2396; 2397; 2398; 2399; 2400; 3980; 3981; 3982; 3997; 3998; 3999; 4000; 4001; 4007; 4012,[],,False,,,POGNO CENTRE,0.0,0.0,POGNO CENTRE > POGNO > KPENDJAL OUEST 2 > KPENDJAL OUEST > SAVANES,POINT(0.0 0.0),1366.0,,,,,,,,,,,,,,,,,,,,,,POGNO,Marché de Pogno
1407,820,519,Réhabiliation du Marché de Nali,Forages photovoltaïques dans les marchés pour eau de boisson,Subproject,Eau–Hydraulique,Construction,COMPOSANTE 1.2,COSO,Banque Mondiale,Achevé 100.0%,Achevé,,100.0,14000000.0,20470979.0,20470979.0,,,2025-05-23,,,,,,2025-06-25,4.0,2025-09-25,2025-12-31,,,,False,,0.0,1,,,,,,,,,,,,21,2744; 2745; 2747; 2750; 2751; 2752; 2754; 2755; 2756; 2757; 2758; 2759; 2761; 2762; 4067; 4068; 4069; 4070; 4071; 4072; 4073,[],,False,,,NALI CENTRE,,,NALI CENTRE > NALI > OTI SUD 2 > OTI SUD > SAVANES,,,,,,,,,,,,,,,,,,,,,,,,NALI,Marché de Nali
1423,836,524,Réhabilitation du Marché de NAMARE,Forages photovoltaïques dans les marchés pour eau de boisson,Infrastructure,Eau–Hydraulique,Construction,COMPOSANTE 1.2,COSO,Banque Mondiale,Achevé 100.0%,Achevé,,100.0,14000000.0,14000000.0,14000000.0,,,2025-11-13,,,,,,2025-12-05,3.0,2026-03-05,2025-12-31,,,,False,,0.0,1,,,,,,,,,,,,40,3371; 3374; 3389; 3393; 3399; 3401; 3404; 3411; 4092; 4093; 4094; 4095; 4096; 4097; 4098; 4099; 4101; 4102; 4103; 4104; 4105; 4106; 4107; 4108; 4109; 4110; 4111; 4112; 4113; 4114; 4115; 4116; 4117; 4118; 4120; 4121; 4122; 4123; 4124; 4125,[],,False,,,TCHANKOUNKOUNKONG,10.936937,0.146811,TCHANKOUNKOUNKONG > NAMARE > TONE 2 > TONE > SAVANES,POINT(0.146811 10.936937),1422.0,,,,,,,,,,,,,,,,,,,,,,NAMARE,Marché de NAMARE
1443,856,528,Réhabilitation du Marché de TAMI,Forages photovoltaïques dans les marchés pour eau de boisson,Infrastructure,Eau–Hydraulique,Construction,COMPOSANTE 1.2,COSO,Banque Mondiale,En cours,Achevé,,100.0,14000000.0,24388889.0,24388889.0,,,2025-12-29,,,,,,2026-01-12,3.0,2026-04-12,2025-06-28,,,,False,,0.0,1,,,,,,,,,,,,46,4398; 4399; 4400; 4401; 4402; 4403; 4404; 4405; 4406; 4407; 4408; 4409; 4410; 4411; 4412; 4413; 4414; 4415; 4416; 4417; 4418; 4419; 4420; 4421; 4422; 4423; 4424; 4425; 4426; 4427; 4428; 4429; 4430; 4431; 4432; 4433; 4434; 4435; 4436; 4437; 4438; 4439; 4440; 4441; 4442; 4443,[],,False,,,TAMI-CENTRE,10.858083,0.040576,TAMI-CENTRE > TAMI > TONE 3 > TONE > SAVANES,POINT(0.040576 10.858083),1438.0,,,,,,,,,,,,,,,,,,,,,,TAMI,Marché de TAMI
1452,865,530,Réhabilitation du Marché de WARKAMBOU,Forages photovoltaïques dans les marchés pour eau de boisson,Infrastructure,Eau–Hydraulique,Construction,COMPOSANTE 1.2,COSO,Banque Mondiale,Achevé 100.0%,Achevé,,100.0,14000000.0,12194444.5,12194444.5,,,,,,,,,,3.0,,2025-12-31,,,,False,,0.0,1,,,,,,,,,,,,29,4445; 4446; 4447; 4448; 4449; 4450; 4451; 4452; 4453; 4454; 4455; 4456; 4457; 4458; 4459; 4460; 4461; 4462; 4463; 4464; 4465; 4466; 4467; 4468; 4469; 4470; 4471; 4472; 4473,[],,False,,,WARKAMBOU CENTRE 1,10.804232,-0.013278,WARKAMBOU CENTRE 1 > WARKAMBOU > TONE 3 > TONE > SAVANES,POINT(-0.013278 10.804232),1451.0,,,,,,,,,,,,,,,,,,,,,,WARKAMBOU,Marché de WARKAMBOU
1493,906,539,Réhabilitation du marché de GALANGASHIE CENTRE,Forages photovoltaïques dans les marchés pour eau de boisson,Infrastructure,Eau–Hydraulique,Construction,COMPOSANTE 1.2,COSO,Banque Mondiale,Réception provisoire 100.0%,Réception provisoire,,100.0,14000000.0,13055201.0,13055201.0,,,2025-03-12,,,,,,2025-03-30,3.0,2025-06-30,2025-06-06,2025-07-11,2025-08-07,,False,,0.0,1,,,,,,,,,,,,12,4706; 4707; 4708; 4709; 4710; 4711; 4712; 4713; 4714; 4715; 4716; 4717,[],,False,,,GALANGASHIE CENTRE,0.0,0.0,GALANGASHIE CENTRE > GALANGASHIE > OTI 2 > OTI > SAVANES,POINT(0.0 0.0),1491.0,,,,,,,,,,,,,,,,,,,,,,GALANGASHIE,Marché de GALANGASHI
1496,911,490,Construction et équipement d'un centre communautaire,Forage Photovoltaïque (Centre communautaire),Infrastructure,Eau–Hydraulique,Construction,COMPOSANTE 1.3,COSO,Banque Mondiale,Réception provisoire 100.0%,Réception provisoire,,100.0,,20176702.0,20176702.0,,,2025-02-21,,,,,,2025-03-15,3.0,2025-06-15,2025-09-21,2025-09-24,2025-09-24,,False,,0.0,1,,,,,,,,2025-12-10,47.0,59.0,106.0,11,4365; 4366; 4367; 4368; 4369; 4370; 4371; 4372; 4373; 4374; 4375,[],,False,,,SANGOU CENTRE,,,SANGOU CENTRE > SANGOU > TANDJOUARE 2 > TANDJOUARE > SAVANES,,1305.0,,,,,,,,,,,,,,,,,,,,,,SANGOU,
1497,912,492,Construction et équipement d'un centre communautaire,Forage Photovoltaïque (Centre communautaire),Infrastructure,Eau–Hydraulique,Construction,COMPOSANTE 1.3,COSO,Banque Mondiale,Réception provisoire 100.0%,Réception provisoire,,100.0,20000000.0,14729328.0,14729328.0,,,2025-02-14,,,,,,2025-02-25,3.0,2025-05-24,2025-06-09,,2025-06-19,,False,3,0.0,1,,,,,,,,,,,,48,3148; 3149; 3150; 3160; 3161; 3162; 3163; 3164; 3166; 3167; 3168; 3169; 3170; 3171; 3172; 3173; 3175; 3176; 3179; 3182; 3183; 3185; 3894; 3895; 3896; 3897; 3898; 3926; 3927; 3928; 3929; 3943; 3944; 3950; 3951; 3952; 3953; 3954; 3955; 3956; 3957; 3958; 3959; 3960; 3961; 3963; 3967; 3968,[],,False,,,KOURIENTRE CENTRE,,,KOURIENTRE CENTRE > KOURIENTRE > TONE 1 > TONE > SAVANES,,1307.0,,,,,,,,,,,,,,,,,,,,,,KOURIENTRE,
1498,913,499,Construction et équipement d'un centre communautaire,Forage Photovoltaïque (Centre communautaire),Infrastructure,Eau–Hydraulique,Construction,COMPOSANTE 1.3,COSO,Banque Mondiale,Réception provisoire 100.0%,Réception provisoire,,100.0,,14058845.0,14058845.0,,,2025-02-26,,,,,,2025-03-06,3.0,2025-06-05,2025-07-24,2025-07-24,2025-07-24,,False,2,0.0,1,,,,,,,,,,,,61,3692; 3693; 3696; 3698; 3699; 3700; 3701; 3706; 3707; 3709; 3711; 3713; 3716; 3719; 3720; 3721; 3723; 3726; 3727; 3728; 3729; 3730; 3731; 3732; 3733; 3734; 3735; 3736; 3738; 3739; 3740; 3742; 3743; 3744; 3745; 3746; 3747; 3748; 3863; 3864; 3865; 3866; 3867; 3868; 3870; 3872; 3873; 3880; 3881; 3974; 3975; 3979; 3983; 3986; 3987; 3988; 3989; 3990; 3996; 4002; 4006,[],,False,,,KORBONGOU CENTRE,,,KORBONGOU CENTRE > KORBONGOU > TONE 4 > TONE > SAVANES,,1314.0,,,,,,,,,,,,,,,,,,,,,,KORBONGOU,
1499,915,446,Réhabilitation d'un bâtiment scolaire de 3 salles de classes+blocs latrines+bureau + Forage photovoltaïque à l'EPP GBETI,Forages photovoltaïques dans les établissements scolaires,Subproject,Eau–Hydraulique,Réhabilitation,COMPOSANTE 1.1,COSO,Banque Mondiale,Réception provisoire 100.0%,Réception provisoire,,100.0,,19854208.0,19854208.0,,,2025-05-23,,,,,,,3.0,,2025-09-02,2025-09-04,2025-09-04,,False,6,0.0,1,849.0,409.0,430.0,True,True,,,,,,,1,4684,[],,False,,,GBETI,,,GBETI > MOGOU > OTI SUD 1 > OTI SUD > SAVANES,,,,,,,,,,,,,,,,,,,,,,,,,
1506,922,545,Réalisation d'un forage photovoltaïque pour le maraîchage,Forages photovoltaïques pour les activités maraîchères,Subproject,Eau–Hydraulique,Construction,COMPOSANTE 1.1,COSO,Banque Mondiale,Réception provisoire 100.0%,Réception provisoire,100.0,100.0,20000000.0,23808394.0,23808394.0,,,2025-07-08,,,,,2025-07-05,2025-11-12,3.0,2026-02-12,2026-04-22,2026-03-04,2026-04-22,,False,,0.0,1,2891.0,1170.0,1721.0,,,True,,,,,,1,4010,[],,False,,,TAMBATE,10.935298,0.64414,TAMBATE > KOUNDJOARE > KPENDJAL 1 > KPENDJAL > SAVANES,POINT(0.64414 10.935298),,,,,,,,,,,,,,,,,,,2380394.0,23808394.0,,,,
1510,926,42,Réhabilitation du forage photovoltaïque de Kassou 1,Forages photovoltaïques dans les communautés pour eau de boisson,Subproject,Eau–Hydraulique,Réhabilitation,COMPOSANTE 1.1,COSO,Banque Mondiale,Achevé 100.0%,Achevé,,100.0,12000000.0,13384174.0,13384174.0,,93000.0,2025-06-19,,,,,2022-10-28,2025-07-10,3.0,2025-11-10,2025-12-29,,,,False,1,0.0,1,398.0,173.0,225.0,True,,,,,,,,1,1965,[],,False,N/A (ancien site),,KASSOU 1,0.0,0.0,KASSOU 1 > BOADE > CINKASSE 1 > CINKASSE > SAVANES,POINT(0.0 0.0),,,,,,,,,,,200.0,True,,2.0,,,,,,,,,,
1511,927,107,Réhabilitation de la Retenues d'eau pour le maraîchage et l'abreuvement des animaux,Forages photovoltaïques pour les activités maraîchères,Subproject,Eau–Hydraulique,Réhabilitation,COMPOSANTE 1.1,COSO,Banque Mondiale,Réception provisoire 100.0%,Réception provisoire,,100.0,29742500.0,19949651.0,19949651.0,,250000.0,2025-03-14,,,,,2023-02-22,2025-03-20,3.0,2025-06-20,2025-06-03,2025-06-03,2025-06-11,,False,3,0.0,1,2060.0,1097.0,1288.0,True,True,True,True,2025-07-08,39.0,49.0,88.0,2,2078; 3884,[],,False,Chef village,,SAFOBE 2,0.0,0.0,SAFOBE 2 > SAM-NABA > CINKASSE 2 > CINKASSE > SAVANES,POINT(0.0 0.0),,,,,,,,,,,,,,,,,,,,,,,,
1512,928,139,Réalisation d'une forage photovoltaïque pour eau de boisson en communauté,Forages photovoltaïques dans les communautés pour eau de boisson,Subproject,Eau–Hydraulique,Construction,COMPOSANTE 1.1,COSO,Banque Mondiale,Achevé 100.0%,Achevé,100.0,100.0,25000000.0,20785378.0,20785378.0,,140000.0,2025-07-08,,,,,2023-02-22,2025-07-28,3.0,2025-10-28,2026-02-15,,,,False,2,0.0,1,1382.0,649.0,733.0,True,True,True,True,2026-03-25,17.0,98.0,115.0,1,2144,[],,False,N/A (ancien site),,SANLOAGA,10.968934999999998,0.7864350000000001,SANLOAGA > KOUNDJOARE > KPENDJAL 1 > KPENDJAL > SAVANES,POINT(0.7864350000000001 10.968934999999998),,,,,,,,,,,,,,,,,,,20785378.0,,16.0,,,
1514,930,212,Construction d'un JEP à l'EPP Touléba (bâtiment scolaire)+ Réhabilitation du PMH existant en forage phovoltaïque + Clôture,Forages photovoltaïques dans les établissements scolaires,Infrastructure,Eau–Hydraulique,Réhabilitation,COMPOSANTE 1.1,COSO,Banque Mondiale,Remise de l'ouvrage à la communauté 100.0%,Réception définitive,,100.0,20000000.0,15074374.0,15074374.0,,150000.0,2024-05-08,,,,,2023-09-08,2024-05-29,3.0,2024-08-01,2024-09-19,,2024-09-19,2025-10-14,False,4,0.0,1,628.0,297.0,331.0,True,True,True,True,2025-02-22,74.0,79.0,153.0,1,2761,[],,False,,,TOULEBA,,,TOULEBA > NALI > OTI SUD 2 > OTI SUD > SAVANES,,843.0,,,,,,,,,,,,,,,,,,,,,,,
1519,935,383,Installation de 10 lampadaires Solaires ,Forages photovoltaïques dans les communautés pour eau de boisson,Subproject,Eau–Hydraulique,Construction,COMPOSANTE 1.1,COSO,Banque Mondiale,Réception provisoire 100.0%,Réception provisoire,,100.0,25000000.0,20893777.0,20893777.0,,135000.0,2025-09-19,,,,,,2025-10-27,3.0,2026-01-27,2026-02-02,2026-02-02,2026-02-24,,False,6,0.0,1,191.0,114.0,77.0,,,,,2026-03-19,22.0,30.0,52.0,1,4524,[],,False,N/A (ancien site),,PATKONE TOMONG,10.6047967,0.0393583,PATKONE TOMONG > DOUKPERGOU > TANDJOUARE 2 > TANDJOUARE > SAVANES,POINT(0.0393583 10.6047967),,,,,,,,,,,,,,1.0,,,,,,,16.0,,,
1522,938,352,Construction et équipement d'un bâtiment scolaire au JEP + Bloc de latrine sans forage + Réhabilitation d'un PMH en forage photovoltaïque,Forages photovoltaïques dans les établissements scolaires,Infrastructure,Eau–Hydraulique,Réhabilitation et construction,COMPOSANTE 1.1,COSO,Banque Mondiale,Réception provisoire 100.0%,Réception provisoire,,100.0,20000000.0,13861979.0,13861979.0,,,2024-10-18,,,,,,2024-11-01,3.0,2025-02-01,2025-03-19,2025-03-19,2025-03-19,,False,5,0.0,1,1212.0,646.0,626.0,True,,True,,,,,,1,4481,[],,False,Maire,,TCHANGUI,,,TCHANGUI > LOTOGOU > TONE 3 > TONE > SAVANES,,1010.0,,,,,,,,,,1212.0,,,,,,,,,,,,,
1524,940,205,Construction et équipement d’un bâtiment scolaire de 4 classes avec bureau et magasin au lycée de Sanfatoute + blocs de latrines + forages photovoltaïques,Forages photovoltaïques dans les communautés pour eau de boisson,Infrastructure,Eau–Hydraulique,Construction,COMPOSANTE 1.1,COSO,Banque Mondiale,Réception provisoire 100.0%,Réception provisoire,,100.0,20000000.0,14176845.0,14176845.0,,250000.0,2025-02-26,,,,,2023-02-22,2025-03-06,8.0,2025-11-30,2026-01-01,,2026-01-13,,True,,0.0,1,200.0,115.0,94.0,True,True,True,True,,,,,2,3810; 3814,[],,False,Maire,,TIDONTE CENTRE,0.0,0.0,TIDONTE CENTRE > SANFATOUTE > TONE 4 > TONE > SAVANES,POINT(0.0 0.0),834.0,,,,,,,,,,,True,,,,,,,,,,,,
1525,941,332,Construction d'un bâtiment scolaire de trois classes avec bureau et magasin plus un bloc de latrines à l'EPP Natchare AVEC FORAGE,Forages photovoltaïques dans les communautés pour eau de boisson,Subproject,Eau–Hydraulique,Construction,COMPOSANTE 1.1,COSO,Banque Mondiale,Réception provisoire 100.0%,Réception provisoire,,100.0,30000000.0,19699260.0,19699260.0,250000.0,,2025-11-07,,,,,,2025-11-17,3.0,2026-02-17,2025-12-11,2025-12-11,2025-12-11,,False,5,0.0,1,510.0,257.0,283.0,True,,,True,,,,,2,4435; 4436,[],,False,,,NATCHARE,10.8657,0.031187,NATCHARE > TAMI > TONE 3 > TONE > SAVANES,POINT(0.031187 10.8657),,,,,,,,,,,,,,,,,,,,,,,,
1529,945,217,Installation des lampadaires solaires ,Forages photovoltaïques dans les établissements scolaires,Subproject,Eau–Hydraulique,Construction,COMPOSANTE 1.1,COSO,Banque Mondiale,Réception provisoire 100.0%,Réception provisoire,,100.0,20000000.0,19516669.0,19516669.0,,268000.0,2025-04-02,,,,,2023-09-08,2025-04-15,4.0,2025-07-15,2025-07-05,2025-07-09,2025-07-09,,False,4,0.0,1,1057.0,470.0,587.0,True,,True,True,,,,,1,4038,[],,False,N/A (ancien site),,DAKPALI 1,,,DAKPALI 1 > TCHAMONGA > OTI SUD 1 > OTI SUD > SAVANES,,,,,,,,,,,,250.0,,,2.0,,,,,,,13.0,,,
1538,958,512,Réalisation d'un forage photovotaïque pour eau de boisson dans le marché de Kaboli,Forages photovoltaïques dans les marchés pour eau de boisson,Infrastructure,Eau–Hydraulique,Construction,COMPOSANTE 1.2,COSO,Banque Mondiale,Réception provisoire 100.0%,Réception provisoire,,100.0,20000000.0,19176851.0,19176851.0,,,2025-06-25,,,,,,2025-08-11,4.0,2025-12-11,2026-03-13,2026-03-13,2026-03-18,,False,,0.0,1,,,,,,,,,,,,12,1929; 1930; 1931; 1932; 1933; 1934; 1935; 4020; 4021; 4022; 4025; 4026,[],,False,,,KABOLI,8.746372,1.575045,KABOLI > TCHAMBA 3 > TCHAMBA > CENTRALE,POINT(1.575045 8.746372),1819.0,,,,,,,,,,,,,,,,,,,,,,KABOLI,Marché de Kaboli
1571,995,577,Réalisation d'un forage photovoltaique AEP,Forages photovoltaïques dans les communautés pour eau de boisson,Subproject,Eau–Hydraulique,Construction,COMPOSANTE 1.1,FA-COSO,Banque Mondiale,Remise de l'ouvrage à la communauté 100.0%,Réception provisoire,100.0,100.0,20000000.0,13803395.74,13803395.74,,,2025-12-09,,,,,,2025-12-29,3.0,2026-03-29,2026-04-02,2026-03-10,2026-04-02,2026-04-02,False,118_2025,0.0,1,409.0,172.0,257.0,True,,True,,,,,,1,3835,[],,False,,,ZOLALE,11.093908,0.029553,ZOLALE > CINKASSE > CINKASSE 1 > CINKASSE > SAVANES,POINT(0.029553 11.093908),,,,2.0,,,,,,,409.0,True,,,,,,,13221939.0,13221939.0,,,,
1639,1063,638,Réalisation d'un forage photovoltaïque pour eau de boisson,Forages photovoltaïques dans les communautés pour eau de boisson,Subproject,Eau–Hydraulique,Construction,COMPOSANTE 1.1,FA-COSO,Banque Mondiale,Réception provisoire 100.0%,Réception provisoire,100.0,100.0,20000000.0,15340000.0,15340000.0,,,2025-12-12,,,,,,2026-01-19,3.0,2026-04-19,2026-05-08,2026-05-06,2026-05-08,,False,118_2025,0.0,1,1800.0,709.0,1111.0,,True,True,True,,,,,2,3999; 4000,[],,False,,,EDOGA 2,0.0,0.0,EDOGA 2 > POGNO > KPENDJAL OUEST 2 > KPENDJAL OUEST > SAVANES,POINT(0.0 0.0),,,,2.0,,,,,,,,True,,,,,,,15340000.0,15340000.0,,,,
1665,1089,660,Realisation de forage photovoltaique pour eau de boisson,Forages photovoltaïques dans les communautés pour eau de boisson,Subproject,Eau–Hydraulique,Construction,COMPOSANTE 1.1,FA-COSO,Banque Mondiale,Réception provisoire 100.0%,Réception provisoire,,100.0,20000000.0,19145211.0,19145211.0,,,2025-11-21,,,,,,2025-11-26,3.0,2026-02-26,2026-03-10,2026-03-10,2026-03-25,,False,118_2025,0.0,1,1400.0,672.0,728.0,True,True,True,True,,,,,1,4588,[],,False,,,DJOULE-TCHAMONGA,,,DJOULE-TCHAMONGA > GANDO > OTI SUD 1 > OTI SUD > SAVANES,,,,,2.0,,,,,,,850.0,,,,,,,,,,,,,
1673,1097,666,Réalisation d'un forage photovoltaique pour eau de Boisson,Forages photovoltaïques dans les communautés pour eau de boisson,Subproject,Eau–Hydraulique,Construction,COMPOSANTE 1.1,FA-COSO,Banque Mondiale,Réception technique 100.0%,Réception provisoire,0.0,100.0,20000000.0,18390678.0,18390678.0,250000.0,,2025-11-21,,,,,,2025-11-26,3.0,2026-02-26,2026-03-30,,2026-03-18,,False,118_2025,0.0,1,3843.0,1803.0,2253.0,True,True,True,True,,,,,1,4593,[],,False,,,N'GAMBI,,,N'GAMBI > GANDO > OTI SUD 1 > OTI SUD > SAVANES,,,,,2.0,,,,,,,300.0,True,,,,,,,,,,,,
1687,1111,676,"Réalisation d'un forage photo voltaïque pour eau de boisson, dans le quartier des réfugiés (Pigniéka)",Forages photovoltaïques dans les communautés pour eau de boisson,Subproject,Eau–Hydraulique,Construction,COMPOSANTE 1.1,FA-COSO,Banque Mondiale,Réception technique 100.0%,Réception technique,100.0,100.0,20000000.0,14715799.0,14715799.0,,,2026-01-13,,,,,2025-05-27,2026-01-26,3.0,2026-04-26,2026-05-15,2026-05-19,,,False,118_2025,0.0,1,3050.0,1042.0,2282.0,True,,,True,,,,,1,6488,[],,False,,,NASSIKOU,10.165172,0.729873,NASSIKOU > SAGBIEBOU > OTI SUD 1 > OTI SUD > SAVANES,POINT(0.729873 10.165172),,,,2.0,,,,,,,,True,,,,,,,10357833.0,,,,,
1692,1116,680,Réalisation d'un forage photovoltaique pour eau de boisson,Forages photovoltaïques dans les communautés pour eau de boisson,Subproject,Eau–Hydraulique,Construction,COMPOSANTE 1.1,FA-COSO,Banque Mondiale,Réception technique 100.0%,Réception technique,100.0,100.0,20000000.0,15025605.0,15025605.0,,,2026-01-13,,,,,2025-05-27,2026-01-13,3.0,2026-04-13,2026-05-14,2026-05-19,,,False,118_2025,0.0,1,599.0,235.0,364.0,True,True,True,True,,,,,1,6515,[],,False,,,TIEPAH,10.178085,0.612965,TIEPAH > SAGBIEBOU > OTI SUD 1 > OTI SUD > SAVANES,POINT(0.612965 10.178085),,,,2.0,,,,,,,,True,,,,,,,13523044.0,,,,,
1826,1237,673,Construction d'un bâtiment  du JEP de deux classes plus clôture sans forage,Forages photovoltaïques dans les établissements scolaires,Infrastructure,Eau–Hydraulique,Construction,COMPOSANTE 1.1,FA-COSO,Banque Mondiale,Réception technique 100.0%,Achevé,,22.0,20000000.0,14296252.0,14296252.0,,,2026-01-13,,,,,,2026-01-26,4.0,2026-05-26,2026-03-24,2026-03-24,,,False,118_2025,0.0,1,,,,,,,,,,,,1,6482,[],,False,,,BAOULE,10.263224,0.578949,BAOULE > SAGBIEBOU > OTI SUD 1 > OTI SUD > SAVANES,POINT(0.578949 10.263224),1682.0,,,,,,,,,,,,,,,,,,,,,,,
1827,1238,516,Réhabilitation du Marché de KORBONGOU,Forages photovoltaïques dans les marchés pour eau de boisson,Infrastructure,Eau–Hydraulique,Construction,COMPOSANTE 1.2,COSO,Banque Mondiale,Achevé 100.0%,Achevé,,100.0,,,,,,2025-04-11,,,,,,2025-04-23,6.0,,2025-12-31,,,,False,New ouv,0.0,1,,,,,,,,,,,,61,3692; 3693; 3696; 3698; 3699; 3700; 3701; 3706; 3707; 3709; 3711; 3713; 3716; 3719; 3720; 3721; 3723; 3726; 3727; 3728; 3729; 3730; 3731; 3732; 3733; 3734; 3735; 3736; 3738; 3739; 3740; 3742; 3743; 3744; 3745; 3746; 3747; 3748; 3863; 3864; 3865; 3866; 3867; 3868; 3870; 3872; 3873; 3880; 3881; 3974; 3975; 3979; 3983; 3986; 3987; 3988; 3989; 3990; 3996; 4002; 4006,[],,False,,,KORBONGOU CENTRE,,,KORBONGOU CENTRE > KORBONGOU > TONE 4 > TONE > SAVANES,,1392.0,,,,,,,,,,,,,,,,,,,,,,KORBONGOU,Marché de Korbongou 
1966,1448,865,Mini forage photovoltaïque pour les activité de maraichage de groupement de jeunes du Canton de SAM-NABA,Forages photovoltaïques pour les activités maraîchères,Subproject,Eau–Hydraulique,,COMPOSANTE 1.3,COSO,Banque Mondiale,Achevé 100.0%,Achevé,,100.0,6000000.0,6986094.0,6986094.0,,,,,,,,,2025-07-02,3.0,2025-10-02,2025-11-24,,,,False,New ouv,,1,,,,,,,,,,,,20,2069; 2072; 2077; 2078; 2080; 2081; 3884; 3901; 3902; 3903; 3904; 3905; 3906; 3907; 3909; 3910; 3911; 3912; 3913; 3914,[],,False,,,BONDANTCHALE (SAM-NABA),0.0,0.0,BONDANTCHALE (SAM-NABA) > SAM-NABA > CINKASSE 2 > CINKASSE > SAVANES,POINT(0.0 0.0),,,,,,,,,,,,,,,,,,,,,,,SAM-NABA,
1967,1449,865,Mini forage photovoltaïque pour les activité de maraichage de groupement de jeunes du Canton de SAM-NABA,Forages photovoltaïques pour les activités maraîchères,Infrastructure,Eau–Hydraulique,,COMPOSANTE 1.3,COSO,Banque Mondiale,Achevé 100.0%,Achevé,,100.0,6000000.0,6986094.0,6986094.0,,,,,,,,,2025-07-02,3.0,2025-10-02,2025-11-24,,,,False,New ouv,,1,,,,,,,,,,,,20,2069; 2072; 2077; 2078; 2080; 2081; 3884; 3901; 3902; 3903; 3904; 3905; 3906; 3907; 3909; 3910; 3911; 3912; 3913; 3914,[],,False,,,SALAMOU,0.0,0.0,SALAMOU > SAM-NABA > CINKASSE 2 > CINKASSE > SAVANES,POINT(0.0 0.0),1966.0,,,,,,,,,,,,,,,,,,,,,,SAM-NABA,
1968,1450,865,Mini forage photovoltaïque pour les activité de maraichage de groupement de jeunes du Canton de SAM-NABA,Forages photovoltaïques pour les activités maraîchères,Infrastructure,Eau–Hydraulique,,COMPOSANTE 1.3,COSO,Banque Mondiale,Achevé 100.0%,Achevé,,100.0,6000000.0,6986094.0,6986094.0,,,,,,,,,2025-07-02,3.0,2025-10-02,2025-11-24,,,,False,New ouv,,1,,,,,,,,,,,,20,2069; 2072; 2077; 2078; 2080; 2081; 3884; 3901; 3902; 3903; 3904; 3905; 3906; 3907; 3909; 3910; 3911; 3912; 3913; 3914,[],,False,,,YANGBONGBONGUE,0.0,0.0,YANGBONGBONGUE > SAM-NABA > CINKASSE 2 > CINKASSE > SAVANES,POINT(0.0 0.0),1966.0,,,,,,,,,,,,,,,,,,,,,,SAM-NABA,
1969,1451,865,Mini forage photovoltaïque pour les activité de maraichage de groupement de jeunes du Canton de SAM-NABA,Forages photovoltaïques pour les activités maraîchères,Infrastructure,Eau–Hydraulique,,COMPOSANTE 1.3,COSO,Banque Mondiale,Achevé 100.0%,Achevé,,100.0,6000000.0,6986094.0,6986094.0,,,,,,,,,2025-07-02,3.0,2025-10-02,2025-11-24,,,,False,New ouv,,1,,,,,,,,,,,,20,2069; 2072; 2077; 2078; 2080; 2081; 3884; 3901; 3902; 3903; 3904; 3905; 3906; 3907; 3909; 3910; 3911; 3912; 3913; 3914,[],,False,,,TINTARGUINE 2,0.0,0.0,TINTARGUINE 2 > SAM-NABA > CINKASSE 2 > CINKASSE > SAVANES,POINT(0.0 0.0),1966.0,,,,,,,,,,,,,,,,,,,,,,SAM-NABA,
1970,1452,865,Mini forage photovoltaïque pour les activité de maraichage de groupement de jeunes du Canton de SAM-NABA,Forages photovoltaïques pour les activités maraîchères,Infrastructure,Eau–Hydraulique,,COMPOSANTE 1.3,COSO,Banque Mondiale,Achevé 100.0%,Achevé,,100.0,6000000.0,6986094.0,6986094.0,,,,,,,,,2025-07-02,3.0,2025-10-02,2025-11-24,,,,False,New ouv,,1,,,,,,,,,,,,20,2069; 2072; 2077; 2078; 2080; 2081; 3884; 3901; 3902; 3903; 3904; 3905; 3906; 3907; 3909; 3910; 3911; 3912; 3913; 3914,[],,False,,,TINTARGUINE 1,0.0,0.0,TINTARGUINE 1 > SAM-NABA > CINKASSE 2 > CINKASSE > SAVANES,POINT(0.0 0.0),1966.0,,,,,,,,,,,,,,,,,,,,,,SAM-NABA,
